日時,始値(BID),高値(BID),安値(BID),終値(BID),始値(ASK),高値(ASK),安値(ASK),終値(ASK)
201906190700,26469,26495,26469,26480,26471,26497,26471,26483
201906190701,26480,26485,26480,26485,26483,26487,26482,26487
201906190702,26485,26485,26482,26484,26487,26488,26484,26487
201906190703,26485,26486,26484,26484,26488,26488,26487,26487
201906190704,26484,26485,26484,26485,26487,26488,26487,26488
201906190705,26485,26497,26484,26485,26488,26499,26486,26488
201906190706,26485,26488,26480,26483,26488,26490,26482,26485
201906190707,26483,26485,26481,26485,26485,26487,26484,26487
201906190708,26485,26492,26484,26489,26487,26495,26487,26491
201906190709,26489,26490,26488,26488,26491,26493,26490,26490
201906190710,26487,26490,26487,26490,26489,26492,26489,26492
201906190711,26490,26493,26488,26491,26492,26495,26491,26494
201906190712,26491,26493,26490,26491,26494,26495,26493,26494
201906190713,26491,26492,26491,26491,26494,26494,26493,26494
201906190714,26491,26494,26491,26491,26494,26496,26494,26494
201906190715,26491,26491,26491,26491,26494,26495,26493,26494
201906190716,26491,26494,26488,26489,26494,26497,26491,26491
201906190717,26489,26489,26489,26489,26491,26492,26491,26492
201906190718,26489,26490,26489,26489,26492,26492,26491,26491
201906190719,26490,26496,26490,26496,26492,26499,26492,26499
201906190720,26496,26501,26496,26499,26499,26504,26499,26502
201906190721,26499,26501,26496,26498,26502,26503,26499,26500
201906190722,26498,26498,26496,26497,26500,26500,26499,26500
201906190723,26497,26497,26494,26494,26500,26500,26496,26497
201906190724,26495,26497,26494,26495,26498,26500,26497,26497
201906190725,26495,26495,26492,26494,26497,26498,26494,26497
201906190726,26494,26494,26492,26493,26497,26497,26495,26496
201906190727,26493,26494,26492,26492,26496,26497,26495,26495
201906190728,26492,26493,26492,26493,26495,26496,26495,26496
201906190729,26493,26498,26493,26498,26496,26501,26495,26501
201906190730,26498,26500,26497,26499,26501,26502,26499,26502
201906190731,26499,26501,26499,26499,26502,26504,26501,26502
201906190732,26498,26498,26497,26497,26501,26501,26499,26500
201906190733,26497,26500,26497,26497,26500,26502,26500,26500
201906190734,26497,26498,26496,26496,26500,26501,26499,26499
201906190735,26496,26496,26494,26495,26499,26499,26496,26498
201906190736,26495,26496,26492,26493,26498,26498,26495,26495
201906190737,26493,26494,26491,26491,26495,26496,26494,26494
201906190738,26491,26492,26491,26492,26494,26495,26494,26495
201906190739,26492,26492,26491,26492,26495,26495,26494,26495
201906190740,26492,26492,26491,26491,26495,26495,26493,26493
201906190741,26491,26494,26491,26493,26493,26496,26493,26496
201906190742,26493,26497,26493,26497,26496,26500,26496,26500
201906190743,26497,26497,26495,26496,26500,26500,26497,26499
201906190744,26496,26500,26494,26500,26499,26502,26497,26502
201906190745,26500,26506,26497,26504,26502,26509,26499,26506
201906190746,26504,26504,26500,26502,26506,26506,26503,26504
201906190747,26502,26503,26501,26503,26504,26506,26504,26505
201906190748,26503,26504,26502,26503,26505,26506,26504,26505
201906190749,26503,26509,26502,26506,26505,26512,26505,26509
201906190750,26506,26509,26504,26505,26509,26511,26507,26508
201906190751,26505,26505,26503,26503,26508,26508,26505,26506
201906190752,26503,26505,26503,26504,26506,26507,26505,26506
201906190753,26504,26504,26502,26502,26506,26506,26504,26505
201906190754,26502,26502,26500,26500,26505,26505,26502,26502
201906190755,26500,26500,26499,26499,26502,26502,26501,26502
201906190756,26499,26500,26497,26497,26502,26503,26499,26500
201906190757,26497,26497,26496,26497,26500,26500,26498,26499
201906190758,26497,26498,26497,26498,26499,26501,26499,26500
201906190759,26498,26498,26498,26498,26500,26501,26500,26501
201906190800,26498,26498,26498,26498,26501,26501,26500,26500
201906190801,26498,26500,26497,26499,26500,26502,26499,26501
201906190802,26499,26501,26499,26501,26501,26504,26501,26504
201906190803,26501,26501,26500,26500,26504,26504,26502,26503
201906190804,26500,26500,26498,26499,26503,26503,26500,26501
201906190805,26499,26500,26498,26499,26501,26503,26500,26501
201906190806,26499,26501,26498,26499,26501,26503,26501,26502
201906190807,26499,26500,26497,26500,26502,26503,26500,26503
201906190808,26500,26500,26500,26500,26503,26503,26503,26503
201906190809,26500,26501,26499,26501,26503,26504,26502,26504
201906190810,26501,26502,26499,26502,26504,26505,26502,26505
201906190811,26502,26503,26501,26501,26505,26505,26503,26503
201906190812,26500,26501,26498,26499,26502,26504,26500,26501
201906190813,26500,26503,26500,26503,26502,26506,26502,26505
201906190814,26503,26504,26502,26502,26505,26507,26504,26505
201906190815,26502,26502,26502,26502,26505,26505,26504,26505
201906190816,26502,26503,26501,26502,26505,26505,26503,26504
201906190817,26502,26502,26501,26501,26504,26505,26504,26504
201906190818,26501,26502,26501,26501,26504,26504,26503,26504
201906190819,26501,26502,26501,26502,26504,26505,26503,26504
201906190820,26502,26503,26502,26503,26504,26506,26504,26506
201906190821,26503,26508,26503,26508,26506,26511,26506,26510
201906190822,26508,26512,26507,26511,26510,26514,26510,26513
201906190823,26512,26512,26511,26511,26514,26514,26513,26513
201906190824,26512,26512,26511,26511,26514,26514,26514,26514
201906190825,26511,26512,26510,26511,26514,26514,26512,26514
201906190826,26511,26514,26507,26507,26514,26516,26510,26510
201906190827,26507,26508,26507,26508,26510,26511,26509,26511
201906190828,26508,26509,26507,26507,26511,26511,26510,26510
201906190829,26507,26509,26507,26508,26510,26512,26510,26510
201906190830,26508,26509,26501,26501,26510,26511,26503,26504
201906190831,26502,26504,26502,26504,26505,26507,26504,26507
201906190832,26504,26504,26502,26502,26507,26507,26504,26505
201906190833,26502,26503,26502,26503,26505,26505,26505,26505
201906190834,26503,26506,26502,26506,26505,26508,26504,26508
201906190835,26506,26506,26502,26503,26508,26508,26505,26506
201906190836,26503,26507,26503,26506,26506,26509,26506,26509
201906190837,26506,26511,26506,26511,26509,26514,26508,26514
201906190838,26511,26515,26511,26513,26514,26518,26513,26516
201906190839,26513,26514,26510,26514,26516,26517,26513,26516
201906190840,26514,26515,26513,26515,26516,26517,26516,26517
201906190841,26515,26515,26511,26512,26517,26517,26514,26514
201906190842,26512,26514,26512,26514,26514,26516,26514,26516
201906190843,26514,26514,26511,26512,26516,26516,26514,26515
201906190844,26512,26513,26511,26513,26515,26516,26513,26515
201906190845,26513,26513,26511,26512,26515,26515,26513,26515
201906190846,26512,26520,26512,26520,26515,26523,26514,26523
201906190847,26520,26523,26519,26522,26523,26526,26522,26525
201906190848,26522,26523,26519,26520,26525,26525,26521,26523
201906190849,26520,26522,26519,26521,26523,26524,26521,26524
201906190850,26521,26522,26520,26521,26524,26524,26522,26523
201906190851,26520,26520,26519,26520,26522,26523,26521,26523
201906190852,26520,26521,26520,26520,26523,26523,26522,26522
201906190853,26520,26529,26520,26529,26522,26532,26522,26531
201906190854,26529,26531,26525,26525,26532,26533,26528,26528
201906190855,26525,26529,26525,26526,26528,26532,26527,26529
201906190856,26526,26527,26524,26524,26529,26529,26527,26527
201906190857,26524,26525,26522,26523,26527,26527,26524,26526
201906190858,26523,26523,26520,26521,26526,26526,26522,26523
201906190859,26521,26524,26520,26521,26523,26526,26523,26524
201906190900,26521,26523,26520,26520,26524,26525,26522,26522
201906190901,26520,26520,26512,26517,26522,26522,26514,26519
201906190902,26517,26533,26514,26533,26519,26536,26516,26536
201906190903,26533,26533,26523,26528,26536,26536,26526,26531
201906190904,26528,26531,26517,26517,26531,26534,26520,26520
201906190905,26517,26522,26515,26520,26520,26524,26517,26523
201906190906,26520,26522,26515,26517,26523,26524,26517,26519
201906190907,26517,26521,26517,26521,26519,26524,26519,26523
201906190908,26520,26524,26520,26524,26522,26526,26522,26526
201906190909,26524,26528,26524,26527,26526,26530,26526,26530
201906190910,26527,26530,26526,26529,26530,26532,26529,26532
201906190911,26529,26531,26527,26529,26532,26533,26529,26531
201906190912,26528,26530,26526,26527,26530,26532,26529,26529
201906190913,26526,26528,26524,26528,26528,26531,26526,26531
201906190914,26528,26528,26523,26523,26531,26531,26525,26525
201906190915,26523,26523,26517,26517,26525,26526,26520,26520
201906190916,26517,26517,26514,26515,26520,26520,26516,26517
201906190917,26515,26516,26513,26514,26517,26518,26515,26517
201906190918,26514,26515,26514,26514,26517,26517,26516,26516
201906190919,26514,26516,26514,26516,26516,26518,26516,26518
201906190920,26516,26518,26514,26517,26518,26520,26516,26519
201906190921,26517,26523,26517,26521,26519,26525,26519,26523
201906190922,26521,26523,26520,26521,26523,26525,26522,26524
201906190923,26520,26521,26519,26520,26523,26524,26521,26523
201906190924,26520,26523,26520,26522,26523,26526,26522,26524
201906190925,26521,26521,26517,26518,26523,26523,26519,26520
201906190926,26518,26526,26518,26524,26520,26528,26520,26526
201906190927,26524,26528,26524,26526,26526,26530,26526,26529
201906190928,26525,26528,26525,26526,26528,26530,26527,26528
201906190929,26526,26526,26523,26523,26528,26528,26525,26525
201906190930,26524,26540,26524,26536,26526,26542,26526,26538
201906190931,26535,26538,26535,26536,26537,26540,26537,26539
201906190932,26536,26537,26534,26536,26539,26539,26536,26539
201906190933,26536,26536,26534,26534,26539,26539,26536,26536
201906190934,26534,26536,26534,26534,26536,26538,26536,26536
201906190935,26534,26535,26534,26534,26536,26537,26536,26536
201906190936,26534,26534,26532,26532,26536,26537,26534,26534
201906190937,26533,26533,26532,26532,26535,26536,26534,26534
201906190938,26532,26532,26531,26531,26534,26535,26533,26534
201906190939,26531,26533,26531,26531,26534,26535,26533,26533
201906190940,26531,26531,26528,26528,26533,26533,26530,26530
201906190941,26528,26529,26527,26527,26530,26531,26529,26530
201906190942,26527,26531,26527,26531,26530,26533,26529,26533
201906190943,26530,26533,26530,26532,26532,26535,26532,26535
201906190944,26532,26532,26530,26531,26535,26535,26533,26534
201906190945,26531,26532,26531,26532,26534,26535,26534,26534
201906190946,26531,26531,26520,26520,26533,26533,26522,26522
201906190947,26521,26522,26519,26520,26523,26524,26521,26522
201906190948,26520,26520,26517,26519,26522,26522,26520,26522
201906190949,26519,26519,26515,26516,26522,26522,26517,26518
201906190950,26516,26518,26511,26516,26518,26520,26513,26519
201906190951,26515,26516,26512,26515,26518,26518,26514,26517
201906190952,26516,26516,26513,26515,26518,26518,26516,26517
201906190953,26515,26518,26514,26517,26517,26520,26517,26519
201906190954,26517,26517,26514,26514,26519,26520,26517,26517
201906190955,26514,26519,26514,26517,26517,26522,26517,26519
201906190956,26517,26517,26515,26516,26519,26520,26517,26518
201906190957,26516,26518,26516,26518,26518,26521,26518,26520
201906190958,26518,26524,26518,26524,26520,26526,26520,26526
201906190959,26524,26524,26520,26523,26526,26527,26523,26525
201906191000,26523,26523,26519,26520,26525,26526,26521,26522
201906191001,26520,26521,26514,26514,26522,26523,26516,26517
201906191002,26514,26518,26512,26516,26517,26520,26515,26518
201906191003,26516,26517,26514,26515,26518,26519,26517,26517
201906191004,26516,26516,26511,26511,26518,26518,26513,26513
201906191005,26511,26514,26510,26511,26513,26516,26512,26514
201906191006,26511,26512,26510,26511,26514,26514,26512,26513
201906191007,26511,26511,26508,26509,26513,26513,26510,26511
201906191008,26509,26509,26506,26507,26511,26511,26508,26510
201906191009,26508,26508,26504,26506,26511,26511,26507,26509
201906191010,26506,26512,26506,26511,26509,26514,26509,26513
201906191011,26511,26519,26511,26514,26513,26521,26513,26516
201906191012,26514,26514,26511,26513,26516,26517,26514,26515
201906191013,26513,26513,26511,26511,26515,26516,26513,26514
201906191014,26511,26515,26510,26514,26514,26518,26513,26516
201906191015,26515,26522,26515,26519,26517,26524,26517,26522
201906191016,26519,26523,26519,26522,26522,26525,26522,26524
201906191017,26523,26528,26523,26525,26525,26530,26525,26527
201906191018,26525,26525,26521,26521,26527,26527,26523,26523
201906191019,26520,26523,26520,26521,26522,26525,26522,26523
201906191020,26521,26522,26516,26517,26523,26524,26518,26519
201906191021,26517,26520,26511,26512,26519,26522,26513,26514
201906191022,26512,26515,26510,26515,26514,26517,26512,26517
201906191023,26515,26515,26509,26511,26517,26517,26511,26513
201906191024,26511,26516,26511,26514,26513,26518,26513,26517
201906191025,26514,26519,26514,26519,26517,26521,26516,26521
201906191026,26519,26524,26519,26524,26521,26527,26521,26527
201906191027,26524,26525,26523,26525,26527,26528,26525,26527
201906191028,26525,26530,26525,26527,26527,26532,26527,26529
201906191029,26527,26529,26525,26526,26529,26531,26527,26529
201906191030,26526,26534,26520,26521,26529,26536,26522,26524
201906191031,26521,26523,26513,26513,26524,26525,26515,26515
201906191032,26513,26513,26501,26505,26515,26515,26503,26508
201906191033,26505,26515,26505,26514,26508,26518,26508,26516
201906191034,26514,26524,26514,26518,26516,26526,26516,26520
201906191035,26518,26523,26518,26522,26520,26526,26520,26524
201906191036,26522,26523,26514,26514,26524,26526,26516,26516
201906191037,26514,26516,26513,26514,26516,26518,26515,26517
201906191038,26514,26516,26509,26509,26517,26518,26511,26511
201906191039,26509,26509,26503,26503,26511,26511,26505,26505
201906191040,26503,26509,26502,26507,26505,26511,26504,26509
201906191041,26507,26517,26507,26514,26509,26519,26509,26517
201906191042,26514,26517,26508,26510,26517,26519,26510,26513
201906191043,26509,26512,26506,26508,26512,26515,26508,26511
201906191044,26508,26509,26503,26503,26511,26511,26505,26506
201906191045,26502,26505,26501,26501,26505,26507,26503,26504
201906191046,26501,26503,26501,26503,26504,26505,26503,26505
201906191047,26502,26503,26496,26503,26504,26505,26498,26505
201906191048,26502,26502,26495,26497,26504,26504,26497,26500
201906191049,26497,26497,26488,26490,26500,26500,26490,26492
201906191050,26490,26497,26489,26497,26492,26499,26491,26499
201906191051,26497,26502,26496,26500,26499,26504,26498,26502
201906191052,26500,26501,26499,26499,26502,26504,26501,26502
201906191053,26499,26500,26496,26496,26502,26502,26498,26498
201906191054,26497,26497,26495,26497,26499,26500,26497,26499
201906191055,26497,26500,26496,26499,26499,26503,26499,26502
201906191056,26499,26499,26496,26496,26502,26502,26498,26498
201906191057,26496,26498,26495,26498,26498,26500,26497,26500
201906191058,26498,26505,26496,26505,26500,26507,26498,26507
201906191059,26505,26505,26503,26505,26507,26507,26505,26507
201906191100,26506,26506,26502,26503,26508,26508,26504,26506
201906191101,26503,26506,26502,26503,26506,26508,26505,26505
201906191102,26503,26506,26501,26503,26505,26508,26503,26505
201906191103,26503,26506,26503,26504,26505,26509,26505,26507
201906191104,26504,26505,26499,26499,26507,26507,26501,26501
201906191105,26498,26498,26492,26494,26500,26501,26494,26496
201906191106,26494,26498,26492,26498,26496,26500,26494,26500
201906191107,26497,26499,26492,26492,26499,26501,26494,26495
201906191108,26492,26494,26491,26492,26495,26496,26493,26494
201906191109,26491,26498,26491,26495,26494,26500,26494,26497
201906191110,26495,26497,26493,26495,26497,26499,26495,26497
201906191111,26495,26497,26493,26494,26497,26500,26495,26497
201906191112,26494,26498,26492,26498,26497,26500,26495,26500
201906191113,26498,26503,26497,26501,26500,26506,26499,26503
201906191114,26502,26503,26499,26502,26504,26506,26502,26504
201906191115,26502,26504,26500,26500,26505,26506,26503,26503
201906191116,26500,26507,26500,26506,26503,26509,26502,26509
201906191117,26506,26508,26506,26508,26509,26510,26508,26510
201906191118,26508,26511,26507,26507,26510,26513,26510,26510
201906191119,26507,26508,26505,26506,26510,26510,26507,26508
201906191120,26505,26508,26505,26508,26507,26510,26507,26510
201906191121,26508,26511,26508,26510,26510,26514,26510,26512
201906191122,26510,26510,26508,26509,26512,26513,26511,26511
201906191123,26509,26510,26508,26509,26511,26513,26510,26512
201906191124,26509,26509,26506,26507,26512,26512,26508,26510
201906191125,26508,26510,26507,26507,26511,26512,26510,26510
201906191126,26507,26511,26507,26511,26510,26513,26510,26513
201906191127,26511,26511,26508,26508,26513,26513,26510,26510
201906191128,26509,26511,26509,26510,26511,26513,26511,26513
201906191129,26510,26511,26509,26511,26513,26514,26511,26513
201906191130,26511,26513,26511,26511,26513,26515,26513,26514
201906191131,26511,26513,26511,26512,26514,26515,26513,26514
201906191132,26512,26515,26511,26514,26514,26517,26513,26516
201906191133,26514,26514,26512,26513,26516,26517,26515,26515
201906191134,26513,26513,26510,26512,26515,26515,26512,26514
201906191135,26512,26512,26506,26507,26514,26514,26508,26510
201906191136,26507,26508,26506,26507,26510,26511,26508,26510
201906191137,26507,26509,26506,26508,26510,26512,26509,26510
201906191138,26508,26511,26505,26511,26510,26514,26507,26514
201906191139,26511,26512,26510,26511,26513,26514,26512,26513
201906191140,26511,26511,26507,26508,26513,26513,26510,26510
201906191141,26508,26512,26507,26511,26510,26514,26510,26514
201906191142,26511,26517,26511,26517,26514,26519,26514,26519
201906191143,26516,26517,26515,26516,26518,26519,26517,26518
201906191144,26515,26516,26513,26513,26517,26518,26515,26515
201906191145,26513,26516,26513,26516,26515,26518,26515,26518
201906191146,26516,26517,26514,26515,26518,26519,26516,26517
201906191147,26515,26517,26515,26517,26517,26520,26517,26519
201906191148,26517,26517,26513,26514,26519,26519,26516,26516
201906191149,26514,26514,26513,26514,26517,26517,26515,26516
201906191150,26514,26516,26513,26516,26516,26518,26515,26518
201906191151,26516,26516,26513,26513,26518,26518,26515,26516
201906191152,26513,26514,26513,26514,26516,26516,26515,26516
201906191153,26514,26515,26514,26515,26516,26518,26516,26517
201906191154,26515,26516,26515,26515,26517,26518,26517,26517
201906191155,26515,26516,26515,26515,26517,26518,26517,26518
201906191156,26515,26515,26511,26511,26518,26518,26513,26513
201906191157,26511,26512,26506,26511,26513,26514,26509,26513
201906191158,26512,26512,26508,26509,26514,26515,26511,26511
201906191159,26509,26509,26507,26508,26511,26511,26510,26511
201906191200,26508,26509,26505,26506,26511,26512,26507,26508
201906191201,26506,26508,26505,26507,26508,26510,26507,26509
201906191202,26507,26507,26505,26506,26509,26510,26507,26508
201906191203,26506,26508,26506,26508,26508,26510,26508,26510
201906191204,26508,26510,26507,26508,26510,26512,26510,26510
201906191205,26508,26509,26507,26509,26510,26512,26509,26512
201906191206,26509,26511,26508,26511,26512,26514,26510,26513
201906191207,26511,26512,26510,26511,26513,26514,26512,26513
201906191208,26511,26511,26510,26511,26513,26514,26512,26514
201906191209,26511,26512,26510,26511,26514,26514,26512,26513
201906191210,26510,26510,26507,26509,26513,26513,26509,26511
201906191211,26509,26511,26509,26511,26511,26514,26511,26513
201906191212,26511,26511,26509,26509,26513,26513,26511,26511
201906191213,26508,26509,26506,26506,26510,26511,26508,26508
201906191214,26506,26508,26506,26507,26508,26511,26508,26509
201906191215,26507,26511,26507,26511,26509,26514,26509,26514
201906191216,26511,26514,26511,26514,26514,26516,26513,26516
201906191217,26514,26514,26511,26511,26516,26516,26514,26514
201906191218,26511,26513,26511,26513,26514,26515,26513,26515
201906191219,26513,26513,26511,26512,26515,26515,26513,26515
201906191220,26512,26514,26512,26513,26515,26517,26515,26516
201906191221,26513,26514,26512,26513,26516,26517,26515,26515
201906191222,26513,26514,26512,26514,26515,26517,26515,26516
201906191223,26514,26514,26513,26514,26516,26517,26515,26516
201906191224,26514,26516,26513,26514,26516,26518,26515,26517
201906191225,26514,26517,26514,26514,26517,26519,26516,26516
201906191226,26514,26514,26512,26514,26516,26517,26515,26517
201906191227,26514,26517,26514,26515,26517,26520,26516,26518
201906191228,26515,26516,26515,26516,26518,26519,26517,26519
201906191229,26516,26517,26516,26516,26519,26519,26518,26518
201906191230,26517,26517,26514,26515,26519,26519,26517,26517
201906191231,26515,26515,26514,26515,26517,26517,26516,26517
201906191232,26515,26516,26513,26516,26517,26519,26515,26519
201906191233,26516,26519,26516,26518,26519,26521,26518,26521
201906191234,26518,26518,26514,26514,26521,26521,26516,26516
201906191235,26515,26515,26514,26514,26517,26517,26516,26517
201906191236,26514,26516,26514,26516,26517,26518,26516,26518
201906191237,26516,26516,26514,26514,26518,26518,26516,26516
201906191238,26515,26515,26514,26514,26517,26517,26516,26516
201906191239,26515,26518,26515,26518,26517,26520,26517,26520
201906191240,26518,26518,26515,26515,26520,26520,26518,26518
201906191241,26515,26516,26513,26516,26518,26518,26516,26518
201906191242,26515,26516,26515,26516,26517,26518,26517,26518
201906191243,26515,26516,26515,26515,26517,26518,26517,26517
201906191244,26515,26517,26515,26517,26517,26519,26517,26519
201906191245,26517,26517,26515,26516,26519,26519,26518,26518
201906191246,26516,26517,26516,26517,26518,26520,26518,26520
201906191247,26516,26517,26515,26516,26519,26519,26518,26518
201906191248,26517,26517,26516,26516,26519,26520,26518,26518
201906191249,26516,26517,26516,26517,26518,26519,26518,26519
201906191250,26517,26517,26516,26517,26519,26519,26518,26519
201906191251,26517,26518,26517,26518,26519,26520,26519,26520
201906191252,26518,26519,26517,26517,26520,26521,26519,26519
201906191253,26517,26518,26516,26516,26519,26520,26518,26519
201906191254,26516,26516,26515,26515,26519,26519,26517,26517
201906191255,26515,26516,26514,26516,26517,26518,26516,26518
201906191256,26515,26518,26515,26518,26517,26520,26517,26520
201906191257,26518,26520,26517,26520,26520,26523,26520,26522
201906191258,26520,26520,26518,26518,26522,26522,26520,26520
201906191259,26518,26518,26518,26518,26520,26520,26520,26520
201906191300,26518,26519,26517,26517,26520,26521,26519,26519
201906191301,26518,26519,26516,26517,26520,26521,26518,26519
201906191302,26517,26517,26515,26516,26519,26519,26517,26518
201906191303,26516,26516,26513,26515,26518,26518,26515,26517
201906191304,26515,26516,26515,26516,26517,26518,26517,26518
201906191305,26515,26516,26515,26515,26517,26518,26517,26517
201906191306,26515,26517,26515,26516,26517,26519,26517,26519
201906191307,26516,26517,26516,26516,26519,26519,26518,26518
201906191308,26517,26517,26516,26516,26519,26519,26518,26518
201906191309,26516,26517,26515,26517,26518,26519,26518,26519
201906191310,26517,26519,26516,26519,26519,26521,26519,26521
201906191311,26519,26519,26517,26517,26521,26521,26519,26519
201906191312,26518,26518,26515,26516,26520,26520,26517,26518
201906191313,26516,26519,26516,26519,26518,26521,26518,26521
201906191314,26518,26519,26517,26519,26520,26521,26520,26521
201906191315,26519,26519,26516,26517,26521,26521,26519,26519
201906191316,26517,26518,26516,26518,26519,26520,26519,26520
201906191317,26517,26517,26516,26516,26519,26520,26518,26518
201906191318,26516,26517,26516,26517,26518,26520,26518,26519
201906191319,26518,26518,26517,26517,26520,26520,26519,26519
201906191320,26517,26519,26517,26518,26519,26521,26519,26520
201906191321,26518,26518,26517,26518,26520,26520,26519,26520
201906191322,26517,26518,26515,26515,26519,26520,26517,26518
201906191323,26515,26517,26515,26517,26518,26519,26517,26519
201906191324,26516,26516,26515,26516,26518,26518,26517,26518
201906191325,26516,26516,26515,26516,26518,26518,26518,26518
201906191326,26516,26517,26516,26517,26518,26519,26518,26519
201906191327,26516,26517,26516,26516,26518,26519,26518,26518
201906191328,26517,26517,26516,26516,26519,26519,26518,26518
201906191329,26516,26516,26514,26514,26518,26519,26516,26516
201906191330,26515,26517,26515,26516,26517,26519,26517,26518
201906191331,26515,26515,26514,26514,26517,26518,26516,26516
201906191332,26514,26514,26512,26512,26516,26516,26514,26514
201906191333,26512,26513,26511,26512,26514,26515,26514,26514
201906191334,26512,26514,26512,26514,26514,26516,26514,26516
201906191335,26513,26513,26510,26510,26515,26515,26512,26512
201906191336,26510,26510,26508,26508,26512,26512,26510,26510
201906191337,26508,26511,26508,26510,26510,26514,26510,26512
201906191338,26510,26510,26509,26509,26512,26512,26511,26512
201906191339,26509,26509,26507,26507,26512,26512,26509,26509
201906191340,26507,26508,26507,26508,26509,26510,26509,26510
201906191341,26508,26509,26508,26509,26510,26511,26510,26511
201906191342,26508,26509,26507,26509,26510,26511,26509,26511
201906191343,26509,26509,26509,26509,26511,26512,26511,26512
201906191344,26509,26510,26509,26510,26512,26512,26511,26512
201906191345,26511,26512,26511,26511,26513,26515,26513,26514
201906191346,26511,26511,26510,26511,26514,26514,26512,26513
201906191347,26511,26512,26511,26511,26513,26514,26513,26513
201906191348,26511,26511,26510,26510,26513,26514,26513,26513
201906191349,26510,26510,26510,26510,26513,26513,26512,26512
201906191350,26510,26511,26510,26511,26512,26513,26512,26513
201906191351,26511,26513,26511,26512,26513,26515,26513,26514
201906191352,26512,26512,26511,26511,26514,26514,26513,26513
201906191353,26511,26512,26509,26510,26513,26514,26511,26512
201906191354,26509,26511,26509,26511,26512,26513,26511,26513
201906191355,26511,26513,26511,26513,26513,26515,26513,26515
201906191356,26513,26513,26512,26512,26515,26516,26514,26514
201906191357,26513,26513,26512,26512,26515,26515,26514,26514
201906191358,26512,26513,26512,26513,26514,26515,26514,26515
201906191359,26513,26514,26512,26514,26515,26516,26514,26516
201906191400,26514,26514,26511,26511,26516,26516,26513,26513
201906191401,26511,26512,26510,26511,26514,26514,26512,26513
201906191402,26511,26512,26510,26510,26513,26515,26512,26512
201906191403,26510,26511,26509,26509,26512,26514,26511,26511
201906191404,26509,26511,26509,26510,26511,26513,26511,26512
201906191405,26509,26512,26509,26512,26511,26514,26511,26514
201906191406,26512,26516,26512,26516,26514,26518,26514,26518
201906191407,26516,26518,26515,26517,26518,26520,26518,26519
201906191408,26517,26517,26516,26517,26519,26520,26518,26520
201906191409,26516,26518,26515,26517,26519,26520,26518,26519
201906191410,26517,26517,26515,26517,26519,26520,26518,26520
201906191411,26517,26518,26516,26518,26520,26520,26518,26520
201906191412,26518,26518,26516,26518,26520,26520,26519,26520
201906191413,26518,26519,26515,26518,26520,26521,26518,26520
201906191414,26518,26518,26515,26517,26520,26520,26518,26520
201906191415,26517,26517,26514,26515,26520,26520,26516,26517
201906191416,26515,26515,26513,26515,26517,26517,26515,26517
201906191417,26515,26516,26514,26514,26517,26518,26517,26517
201906191418,26514,26516,26514,26516,26517,26519,26516,26518
201906191419,26516,26519,26516,26519,26518,26521,26518,26521
201906191420,26519,26521,26518,26521,26521,26523,26520,26523
201906191421,26521,26525,26521,26525,26523,26527,26523,26527
201906191422,26525,26525,26523,26524,26527,26527,26525,26526
201906191423,26524,26524,26522,26523,26526,26527,26524,26525
201906191424,26523,26523,26521,26523,26525,26525,26523,26525
201906191425,26523,26523,26522,26522,26525,26525,26524,26524
201906191426,26522,26523,26521,26523,26524,26526,26523,26525
201906191427,26523,26527,26523,26525,26525,26529,26525,26527
201906191428,26525,26525,26523,26523,26527,26527,26525,26525
201906191429,26523,26523,26521,26521,26525,26526,26523,26523
201906191430,26521,26523,26521,26522,26523,26526,26523,26524
201906191431,26522,26523,26521,26521,26524,26526,26523,26524
201906191432,26521,26521,26519,26520,26524,26524,26521,26522
201906191433,26519,26520,26518,26519,26521,26523,26520,26521
201906191434,26519,26519,26517,26517,26521,26521,26519,26520
201906191435,26517,26518,26516,26516,26520,26520,26518,26518
201906191436,26516,26519,26516,26518,26518,26521,26518,26520
201906191437,26518,26518,26515,26516,26520,26520,26518,26518
201906191438,26516,26516,26513,26513,26518,26518,26515,26515
201906191439,26513,26517,26513,26516,26515,26520,26515,26519
201906191440,26515,26515,26514,26515,26518,26518,26516,26517
201906191441,26515,26515,26512,26513,26517,26517,26514,26516
201906191442,26513,26514,26512,26514,26516,26516,26514,26516
201906191443,26514,26516,26514,26514,26516,26518,26516,26517
201906191444,26514,26516,26513,26515,26517,26518,26515,26517
201906191445,26515,26518,26515,26518,26517,26520,26517,26520
201906191446,26518,26520,26518,26519,26520,26523,26520,26521
201906191447,26519,26519,26517,26518,26521,26521,26520,26520
201906191448,26518,26519,26517,26519,26520,26521,26519,26521
201906191449,26519,26519,26518,26518,26521,26522,26520,26521
201906191450,26518,26520,26517,26518,26521,26523,26520,26520
201906191451,26518,26518,26515,26515,26520,26520,26517,26517
201906191452,26515,26518,26515,26518,26517,26520,26517,26520
201906191453,26517,26517,26515,26516,26519,26520,26517,26518
201906191454,26516,26516,26514,26514,26518,26518,26516,26516
201906191455,26514,26514,26512,26512,26516,26516,26514,26514
201906191456,26511,26513,26511,26513,26513,26515,26513,26515
201906191457,26513,26516,26513,26515,26515,26518,26515,26517
201906191458,26515,26515,26511,26512,26517,26517,26513,26514
201906191459,26512,26514,26511,26513,26514,26517,26513,26515
201906191500,26513,26513,26509,26509,26515,26515,26511,26511
201906191501,26508,26516,26508,26516,26510,26518,26510,26518
201906191502,26516,26516,26511,26511,26518,26518,26513,26513
201906191503,26511,26515,26509,26513,26513,26517,26512,26516
201906191504,26513,26514,26511,26512,26516,26517,26514,26514
201906191505,26512,26513,26511,26512,26515,26515,26514,26515
201906191506,26511,26512,26510,26511,26514,26514,26512,26514
201906191507,26511,26512,26509,26512,26514,26514,26511,26514
201906191508,26512,26513,26510,26510,26514,26515,26512,26512
201906191509,26510,26510,26507,26508,26512,26512,26509,26510
201906191510,26508,26508,26502,26502,26510,26510,26504,26504
201906191511,26502,26505,26501,26503,26504,26507,26504,26506
201906191512,26503,26509,26503,26509,26506,26511,26506,26511
201906191513,26509,26509,26506,26506,26511,26511,26509,26509
201906191514,26507,26509,26506,26507,26510,26511,26509,26510
201906191515,26507,26510,26507,26508,26510,26512,26509,26510
201906191516,26508,26509,26506,26508,26510,26512,26508,26511
201906191517,26508,26512,26508,26510,26511,26514,26510,26512
201906191518,26510,26510,26508,26508,26512,26513,26510,26510
201906191519,26508,26513,26507,26513,26510,26515,26509,26515
201906191520,26513,26513,26508,26508,26515,26515,26510,26511
201906191521,26508,26510,26508,26509,26511,26513,26510,26512
201906191522,26509,26510,26507,26508,26512,26513,26510,26510
201906191523,26507,26508,26507,26507,26509,26511,26509,26509
201906191524,26507,26508,26507,26508,26509,26510,26509,26510
201906191525,26508,26510,26508,26509,26510,26512,26510,26511
201906191526,26509,26512,26508,26511,26511,26514,26510,26514
201906191527,26511,26512,26508,26509,26514,26514,26511,26512
201906191528,26508,26514,26508,26514,26511,26516,26511,26516
201906191529,26515,26515,26511,26512,26517,26517,26514,26514
201906191530,26512,26512,26510,26511,26514,26514,26512,26513
201906191531,26510,26511,26508,26509,26512,26513,26511,26511
201906191532,26509,26509,26507,26507,26511,26511,26509,26509
201906191533,26507,26507,26501,26501,26509,26509,26503,26503
201906191534,26502,26504,26501,26504,26504,26506,26503,26506
201906191535,26504,26504,26499,26499,26506,26506,26501,26501
201906191536,26498,26499,26497,26498,26500,26501,26499,26500
201906191537,26498,26499,26497,26498,26500,26501,26499,26500
201906191538,26498,26498,26497,26497,26500,26501,26499,26499
201906191539,26497,26497,26495,26496,26499,26499,26497,26499
201906191540,26496,26496,26495,26495,26499,26499,26497,26497
201906191541,26495,26496,26493,26496,26497,26499,26495,26499
201906191542,26496,26498,26495,26497,26499,26500,26497,26499
201906191543,26497,26498,26495,26495,26499,26500,26497,26497
201906191544,26495,26496,26492,26492,26497,26498,26494,26494
201906191545,26492,26493,26490,26490,26494,26495,26492,26492
201906191546,26490,26492,26490,26492,26492,26494,26492,26494
201906191547,26492,26495,26491,26494,26494,26497,26494,26497
201906191548,26494,26497,26494,26497,26497,26499,26496,26499
201906191549,26497,26498,26496,26498,26499,26500,26498,26500
201906191550,26498,26498,26493,26494,26500,26500,26495,26496
201906191551,26494,26495,26494,26495,26496,26498,26496,26497
201906191552,26495,26495,26492,26493,26497,26497,26494,26495
201906191553,26493,26495,26492,26494,26495,26497,26494,26496
201906191554,26493,26494,26492,26492,26495,26496,26494,26495
201906191555,26492,26494,26492,26493,26495,26496,26494,26495
201906191556,26493,26493,26489,26491,26495,26495,26491,26493
201906191557,26490,26493,26490,26493,26492,26496,26492,26495
201906191558,26493,26494,26493,26493,26495,26496,26495,26495
201906191559,26493,26493,26488,26488,26495,26495,26490,26491
201906191600,26488,26494,26485,26493,26491,26496,26487,26496
201906191601,26493,26497,26493,26496,26496,26499,26495,26498
201906191602,26496,26502,26496,26502,26498,26504,26498,26504
201906191603,26503,26506,26503,26505,26505,26508,26505,26507
201906191604,26505,26508,26505,26507,26507,26511,26507,26509
201906191605,26508,26512,26506,26509,26510,26514,26508,26511
201906191606,26509,26510,26505,26506,26511,26512,26507,26508
201906191607,26506,26508,26504,26507,26508,26511,26507,26509
201906191608,26507,26509,26505,26507,26509,26511,26508,26509
201906191609,26507,26507,26500,26500,26509,26510,26502,26502
201906191610,26500,26503,26496,26498,26502,26505,26499,26501
201906191611,26497,26498,26494,26494,26500,26500,26497,26497
201906191612,26494,26495,26489,26490,26497,26497,26492,26492
201906191613,26489,26492,26487,26489,26491,26494,26489,26492
201906191614,26489,26490,26486,26490,26492,26492,26489,26492
201906191615,26490,26494,26486,26492,26492,26497,26489,26495
201906191616,26492,26495,26491,26494,26495,26497,26494,26496
201906191617,26494,26494,26490,26492,26496,26496,26493,26494
201906191618,26492,26495,26492,26495,26494,26498,26494,26497
201906191619,26495,26500,26494,26500,26497,26502,26497,26502
201906191620,26499,26499,26496,26497,26501,26501,26499,26499
201906191621,26497,26499,26495,26499,26499,26501,26497,26501
201906191622,26499,26499,26494,26497,26501,26501,26496,26499
201906191623,26497,26500,26497,26497,26499,26502,26499,26500
201906191624,26497,26500,26496,26500,26500,26502,26498,26502
201906191625,26500,26501,26496,26499,26502,26503,26498,26501
201906191626,26499,26500,26497,26499,26501,26502,26500,26501
201906191627,26499,26500,26497,26497,26501,26502,26499,26499
201906191628,26497,26502,26497,26502,26499,26504,26499,26504
201906191629,26502,26510,26501,26506,26504,26512,26504,26508
201906191630,26506,26510,26505,26510,26508,26512,26508,26512
201906191631,26510,26514,26509,26512,26512,26516,26512,26514
201906191632,26513,26514,26508,26510,26515,26516,26510,26512
201906191633,26510,26517,26508,26514,26512,26519,26511,26517
201906191634,26514,26519,26514,26517,26517,26522,26517,26520
201906191635,26517,26518,26514,26515,26520,26520,26517,26517
201906191636,26515,26515,26512,26512,26517,26517,26514,26514
201906191637,26512,26519,26512,26519,26514,26521,26514,26521
201906191638,26519,26519,26518,26518,26521,26521,26521,26521
201906191639,26518,26519,26518,26519,26521,26521,26520,26521
201906191640,26519,26520,26515,26520,26521,26522,26517,26522
201906191641,26519,26519,26515,26515,26521,26521,26517,26517
201906191642,26515,26517,26513,26517,26517,26519,26515,26519
201906191643,26517,26517,26511,26514,26519,26519,26514,26516
201906191644,26514,26515,26511,26513,26516,26517,26513,26515
201906191645,26512,26514,26510,26511,26514,26517,26512,26513
201906191646,26509,26510,26507,26509,26512,26513,26509,26511
201906191647,26509,26511,26507,26508,26511,26513,26510,26510
201906191648,26508,26509,26507,26507,26510,26511,26509,26510
201906191649,26507,26509,26507,26508,26510,26511,26509,26510
201906191650,26508,26509,26505,26508,26510,26511,26508,26510
201906191651,26509,26509,26506,26508,26511,26511,26508,26510
201906191652,26508,26509,26505,26507,26510,26511,26508,26509
201906191653,26507,26507,26503,26505,26509,26509,26506,26507
201906191654,26504,26506,26503,26506,26506,26508,26505,26508
201906191655,26506,26509,26506,26508,26508,26511,26508,26510
201906191656,26508,26508,26506,26506,26510,26510,26508,26509
201906191657,26506,26509,26505,26509,26509,26511,26507,26511
201906191658,26509,26511,26509,26509,26511,26514,26511,26511
201906191659,26508,26508,26506,26506,26510,26510,26508,26508
201906191700,26506,26508,26504,26506,26508,26510,26506,26508
201906191701,26506,26517,26505,26515,26508,26519,26507,26518
201906191702,26515,26516,26510,26510,26518,26518,26512,26513
201906191703,26510,26512,26506,26507,26513,26514,26508,26509
201906191704,26507,26507,26505,26506,26509,26509,26507,26508
201906191705,26506,26507,26503,26505,26508,26509,26505,26507
201906191706,26505,26505,26501,26503,26507,26507,26504,26505
201906191707,26503,26503,26500,26503,26505,26505,26503,26505
201906191708,26503,26503,26500,26500,26505,26505,26502,26503
201906191709,26499,26500,26499,26499,26502,26502,26501,26501
201906191710,26499,26500,26498,26500,26501,26502,26500,26502
201906191711,26500,26501,26498,26501,26502,26504,26500,26504
201906191712,26500,26502,26500,26501,26503,26505,26503,26504
201906191713,26500,26500,26497,26499,26503,26503,26499,26501
201906191714,26498,26501,26498,26499,26500,26503,26500,26501
201906191715,26500,26500,26496,26497,26502,26502,26498,26499
201906191716,26497,26499,26497,26499,26499,26501,26499,26501
201906191717,26498,26499,26496,26498,26500,26501,26499,26500
201906191718,26498,26499,26496,26497,26500,26501,26498,26499
201906191719,26497,26498,26494,26494,26499,26501,26496,26496
201906191720,26494,26496,26488,26495,26496,26499,26490,26498
201906191721,26495,26496,26493,26494,26498,26499,26496,26496
201906191722,26494,26497,26494,26496,26496,26500,26496,26499
201906191723,26496,26498,26496,26497,26499,26500,26498,26499
201906191724,26497,26500,26496,26500,26499,26502,26498,26502
201906191725,26500,26500,26496,26498,26502,26502,26498,26500
201906191726,26498,26499,26496,26496,26500,26502,26498,26499
201906191727,26496,26497,26494,26496,26499,26499,26496,26498
201906191728,26497,26497,26495,26496,26499,26499,26497,26498
201906191729,26496,26496,26491,26491,26498,26498,26493,26493
201906191730,26491,26497,26487,26496,26493,26499,26489,26498
201906191731,26496,26499,26492,26492,26498,26502,26494,26494
201906191732,26492,26496,26490,26490,26494,26499,26492,26493
201906191733,26490,26491,26484,26484,26493,26493,26486,26486
201906191734,26484,26488,26483,26487,26486,26490,26485,26490
201906191735,26487,26490,26484,26487,26490,26492,26487,26490
201906191736,26487,26487,26481,26482,26490,26490,26484,26484
201906191737,26482,26488,26482,26483,26484,26490,26484,26486
201906191738,26483,26488,26482,26487,26486,26490,26484,26489
201906191739,26486,26488,26484,26485,26488,26490,26486,26487
201906191740,26485,26488,26483,26487,26487,26490,26486,26490
201906191741,26487,26488,26482,26482,26490,26490,26484,26484
201906191742,26482,26492,26482,26486,26484,26494,26484,26488
201906191743,26486,26487,26485,26485,26488,26489,26487,26487
201906191744,26486,26487,26481,26482,26488,26489,26483,26484
201906191745,26482,26482,26475,26479,26484,26484,26477,26482
201906191746,26479,26484,26479,26480,26482,26486,26481,26482
201906191747,26480,26483,26479,26483,26482,26485,26482,26485
201906191748,26483,26483,26480,26480,26485,26485,26483,26483
201906191749,26480,26483,26480,26480,26483,26485,26482,26482
201906191750,26481,26481,26478,26479,26483,26484,26480,26481
201906191751,26478,26478,26472,26472,26480,26480,26474,26474
201906191752,26472,26476,26470,26476,26474,26478,26472,26478
201906191753,26476,26476,26472,26473,26478,26478,26475,26476
201906191754,26473,26473,26469,26469,26476,26476,26472,26472
201906191755,26469,26473,26469,26469,26472,26475,26471,26471
201906191756,26469,26476,26469,26476,26471,26478,26471,26478
201906191757,26476,26480,26474,26479,26478,26483,26476,26481
201906191758,26479,26479,26473,26474,26481,26481,26475,26476
201906191759,26474,26475,26472,26473,26476,26478,26475,26475
201906191800,26477,26479,26474,26477,26479,26481,26477,26479
201906191801,26476,26477,26475,26477,26478,26479,26477,26479
201906191802,26477,26480,26476,26480,26479,26482,26479,26482
201906191803,26479,26480,26475,26480,26481,26483,26477,26482
201906191804,26480,26484,26480,26483,26482,26486,26482,26485
201906191805,26483,26483,26481,26482,26485,26486,26484,26485
201906191806,26482,26483,26480,26482,26485,26485,26483,26485
201906191807,26482,26485,26482,26484,26485,26487,26485,26487
201906191808,26484,26490,26484,26488,26487,26492,26487,26491
201906191809,26488,26490,26487,26487,26491,26492,26489,26490
201906191810,26487,26494,26487,26492,26490,26496,26490,26495
201906191811,26492,26499,26492,26499,26495,26501,26495,26501
201906191812,26500,26500,26495,26496,26502,26502,26498,26498
201906191813,26496,26498,26492,26496,26498,26500,26494,26499
201906191814,26496,26497,26492,26493,26499,26499,26494,26495
201906191815,26494,26494,26493,26494,26496,26496,26495,26496
201906191816,26494,26494,26491,26491,26496,26496,26493,26493
201906191817,26492,26492,26488,26489,26494,26494,26490,26491
201906191818,26489,26492,26488,26491,26491,26494,26490,26493
201906191819,26491,26491,26485,26486,26493,26493,26487,26488
201906191820,26486,26486,26483,26484,26488,26488,26486,26486
201906191821,26483,26486,26481,26485,26485,26488,26484,26487
201906191822,26485,26490,26485,26489,26487,26492,26487,26491
201906191823,26488,26490,26486,26490,26490,26492,26488,26492
201906191824,26489,26490,26488,26490,26491,26492,26490,26492
201906191825,26490,26490,26488,26490,26492,26492,26490,26492
201906191826,26490,26496,26490,26495,26492,26498,26492,26497
201906191827,26495,26503,26481,26487,26497,26505,26483,26489
201906191828,26487,26487,26481,26484,26489,26489,26484,26487
201906191829,26484,26487,26484,26487,26487,26489,26486,26489
201906191830,26488,26490,26486,26489,26490,26492,26488,26492
201906191831,26488,26490,26487,26489,26491,26492,26490,26491
201906191832,26489,26489,26487,26488,26491,26492,26489,26491
201906191833,26488,26490,26488,26489,26491,26493,26490,26492
201906191834,26489,26493,26488,26493,26492,26495,26491,26495
201906191835,26492,26492,26490,26490,26494,26495,26492,26492
201906191836,26490,26490,26485,26490,26492,26493,26487,26492
201906191837,26490,26495,26490,26493,26492,26497,26492,26495
201906191838,26493,26496,26493,26496,26495,26498,26495,26498
201906191839,26496,26497,26494,26496,26498,26499,26496,26498
201906191840,26495,26496,26493,26493,26497,26498,26495,26496
201906191841,26493,26495,26491,26493,26496,26497,26493,26496
201906191842,26493,26495,26491,26494,26496,26497,26494,26496
201906191843,26494,26494,26490,26491,26496,26497,26492,26494
201906191844,26491,26494,26491,26493,26494,26496,26493,26496
201906191845,26493,26495,26493,26493,26496,26497,26496,26496
201906191846,26493,26495,26493,26495,26496,26497,26495,26497
201906191847,26495,26498,26495,26497,26497,26500,26497,26499
201906191848,26497,26506,26497,26504,26499,26508,26499,26506
201906191849,26504,26504,26500,26503,26506,26506,26503,26505
201906191850,26503,26504,26502,26503,26505,26506,26504,26506
201906191851,26503,26505,26500,26501,26506,26507,26502,26503
201906191852,26501,26506,26501,26505,26503,26508,26503,26507
201906191853,26505,26506,26502,26506,26507,26508,26505,26508
201906191854,26506,26506,26501,26502,26508,26508,26503,26504
201906191855,26502,26507,26502,26506,26504,26509,26504,26508
201906191856,26507,26508,26504,26504,26509,26510,26506,26507
201906191857,26504,26507,26502,26502,26507,26509,26504,26504
201906191858,26502,26504,26501,26503,26504,26506,26503,26506
201906191859,26503,26504,26501,26503,26506,26506,26504,26505
201906191900,26503,26506,26498,26498,26505,26508,26500,26500
201906191901,26497,26501,26497,26499,26499,26503,26499,26501
201906191902,26499,26502,26498,26500,26501,26504,26501,26502
201906191903,26500,26501,26499,26501,26502,26503,26501,26503
201906191904,26502,26502,26500,26500,26504,26505,26502,26502
201906191905,26500,26501,26497,26499,26502,26503,26499,26501
201906191906,26499,26499,26497,26498,26501,26501,26499,26500
201906191907,26497,26498,26493,26496,26499,26500,26495,26498
201906191908,26495,26497,26494,26496,26498,26499,26496,26498
201906191909,26496,26497,26495,26495,26498,26499,26497,26497
201906191910,26495,26498,26493,26496,26497,26500,26495,26498
201906191911,26496,26498,26494,26498,26498,26500,26497,26500
201906191912,26499,26500,26498,26500,26501,26503,26500,26502
201906191913,26501,26504,26499,26504,26503,26506,26501,26506
201906191914,26505,26506,26501,26501,26507,26508,26503,26503
201906191915,26501,26502,26499,26499,26503,26504,26501,26501
201906191916,26499,26501,26498,26501,26501,26504,26501,26504
201906191917,26501,26502,26497,26499,26504,26504,26500,26501
201906191918,26499,26508,26499,26506,26501,26510,26501,26508
201906191919,26506,26514,26506,26514,26508,26517,26508,26517
201906191920,26514,26517,26512,26515,26517,26519,26514,26518
201906191921,26515,26517,26512,26512,26518,26520,26514,26514
201906191922,26512,26515,26509,26514,26514,26517,26512,26517
201906191923,26514,26515,26510,26512,26517,26517,26512,26514
201906191924,26513,26515,26512,26512,26515,26517,26514,26514
201906191925,26513,26513,26510,26512,26515,26515,26513,26514
201906191926,26512,26515,26509,26515,26514,26517,26512,26517
201906191927,26514,26520,26514,26519,26516,26522,26516,26522
201906191928,26519,26519,26516,26518,26522,26522,26519,26520
201906191929,26518,26518,26515,26517,26520,26520,26518,26519
201906191930,26517,26518,26512,26512,26519,26520,26515,26515
201906191931,26512,26520,26512,26520,26515,26522,26515,26522
201906191932,26520,26524,26519,26523,26522,26526,26522,26525
201906191933,26523,26523,26518,26518,26525,26526,26520,26520
201906191934,26519,26521,26518,26520,26521,26523,26520,26523
201906191935,26520,26522,26520,26521,26523,26524,26522,26523
201906191936,26521,26523,26521,26523,26523,26525,26523,26525
201906191937,26523,26523,26519,26523,26525,26525,26522,26525
201906191938,26523,26523,26519,26521,26525,26525,26521,26523
201906191939,26522,26522,26520,26520,26524,26525,26523,26523
201906191940,26520,26521,26510,26510,26523,26523,26512,26512
201906191941,26510,26513,26509,26509,26512,26515,26511,26512
201906191942,26510,26513,26508,26508,26513,26516,26510,26510
201906191943,26508,26508,26505,26505,26510,26510,26507,26508
201906191944,26505,26507,26504,26507,26508,26509,26506,26509
201906191945,26507,26507,26505,26506,26509,26509,26507,26508
201906191946,26506,26508,26506,26507,26508,26511,26508,26509
201906191947,26506,26509,26506,26509,26508,26512,26508,26511
201906191948,26509,26509,26507,26508,26511,26512,26510,26510
201906191949,26508,26510,26506,26510,26510,26513,26509,26512
201906191950,26510,26510,26508,26510,26512,26513,26510,26513
201906191951,26510,26515,26509,26515,26513,26518,26511,26517
201906191952,26514,26518,26514,26517,26516,26520,26516,26519
201906191953,26517,26517,26513,26517,26519,26520,26515,26519
201906191954,26517,26517,26512,26514,26519,26520,26514,26516
201906191955,26513,26515,26513,26514,26515,26518,26515,26516
201906191956,26514,26516,26514,26515,26516,26519,26516,26517
201906191957,26515,26516,26511,26512,26517,26519,26514,26514
201906191958,26512,26517,26512,26517,26514,26520,26514,26519
201906191959,26517,26518,26515,26516,26519,26520,26518,26518
201906192000,26516,26518,26514,26517,26518,26520,26516,26520
201906192001,26517,26518,26517,26517,26520,26520,26519,26520
201906192002,26517,26517,26514,26514,26520,26520,26517,26517
201906192003,26514,26515,26514,26515,26517,26517,26516,26517
201906192004,26515,26515,26511,26512,26517,26517,26514,26515
201906192005,26513,26515,26500,26504,26516,26517,26503,26506
201906192006,26504,26509,26503,26505,26506,26512,26505,26507
201906192007,26505,26508,26505,26506,26507,26510,26507,26508
201906192008,26506,26507,26501,26502,26508,26509,26503,26504
201906192009,26503,26506,26502,26506,26505,26508,26504,26508
201906192010,26506,26510,26505,26507,26508,26512,26508,26509
201906192011,26507,26507,26505,26505,26509,26509,26507,26507
201906192012,26506,26509,26505,26506,26508,26511,26508,26509
201906192013,26506,26509,26506,26509,26509,26511,26508,26511
201906192014,26508,26510,26507,26510,26510,26512,26510,26512
201906192015,26509,26510,26502,26503,26512,26512,26505,26505
201906192016,26503,26505,26503,26505,26505,26507,26505,26507
201906192017,26505,26511,26505,26510,26507,26513,26507,26513
201906192018,26510,26511,26507,26507,26513,26513,26509,26509
201906192019,26507,26508,26507,26507,26509,26511,26509,26509
201906192020,26507,26510,26507,26510,26509,26512,26509,26512
201906192021,26510,26511,26508,26511,26512,26514,26510,26513
201906192022,26510,26512,26510,26511,26512,26515,26512,26514
201906192023,26511,26511,26507,26507,26514,26514,26509,26509
201906192024,26506,26512,26505,26511,26508,26514,26507,26513
201906192025,26511,26511,26505,26505,26513,26514,26507,26508
201906192026,26505,26509,26505,26507,26508,26511,26508,26510
201906192027,26507,26511,26507,26510,26510,26514,26510,26512
201906192028,26509,26512,26508,26509,26511,26514,26511,26511
201906192029,26508,26508,26507,26508,26510,26511,26509,26510
201906192030,26508,26508,26504,26504,26510,26510,26507,26507
201906192031,26504,26509,26504,26509,26507,26511,26506,26511
201906192032,26508,26509,26505,26507,26510,26511,26507,26510
201906192033,26507,26509,26507,26507,26510,26511,26509,26509
201906192034,26507,26508,26505,26506,26509,26510,26508,26509
201906192035,26506,26508,26505,26507,26509,26510,26507,26510
201906192036,26507,26508,26505,26506,26510,26510,26507,26509
201906192037,26507,26508,26505,26506,26510,26511,26507,26509
201906192038,26506,26511,26506,26509,26509,26513,26509,26511
201906192039,26508,26511,26508,26510,26510,26514,26510,26512
201906192040,26510,26512,26510,26511,26512,26514,26512,26513
201906192041,26511,26514,26511,26514,26513,26517,26513,26517
201906192042,26514,26518,26512,26517,26517,26520,26514,26519
201906192043,26517,26520,26517,26517,26519,26522,26519,26520
201906192044,26517,26519,26516,26518,26520,26521,26518,26520
201906192045,26518,26520,26518,26519,26520,26522,26520,26522
201906192046,26519,26519,26518,26518,26522,26522,26520,26520
201906192047,26517,26519,26516,26517,26519,26521,26518,26519
201906192048,26518,26519,26517,26518,26520,26522,26520,26520
201906192049,26519,26522,26519,26521,26522,26524,26521,26524
201906192050,26521,26523,26520,26521,26524,26525,26523,26523
201906192051,26521,26523,26520,26522,26523,26525,26522,26525
201906192052,26522,26527,26522,26524,26525,26529,26524,26526
201906192053,26524,26525,26521,26522,26526,26527,26523,26524
201906192054,26522,26525,26522,26525,26524,26527,26524,26527
201906192055,26526,26527,26523,26524,26528,26529,26526,26526
201906192056,26524,26524,26519,26520,26526,26527,26522,26522
201906192057,26521,26523,26520,26522,26523,26525,26523,26524
201906192058,26522,26526,26521,26526,26524,26528,26524,26528
201906192059,26525,26526,26524,26524,26527,26528,26526,26526
201906192100,26525,26525,26519,26519,26527,26527,26522,26522
201906192101,26519,26520,26517,26517,26522,26522,26519,26520
201906192102,26517,26522,26517,26521,26520,26524,26520,26523
201906192103,26521,26521,26520,26521,26523,26523,26522,26523
201906192104,26521,26521,26512,26516,26523,26523,26514,26518
201906192105,26516,26526,26514,26523,26518,26528,26516,26525
201906192106,26523,26523,26520,26520,26525,26525,26522,26522
201906192107,26520,26520,26517,26519,26522,26522,26519,26521
201906192108,26519,26520,26517,26519,26521,26523,26520,26521
201906192109,26519,26524,26519,26523,26521,26526,26521,26525
201906192110,26523,26525,26521,26524,26525,26527,26523,26526
201906192111,26524,26526,26520,26521,26526,26528,26522,26524
201906192112,26522,26527,26521,26524,26525,26529,26523,26526
201906192113,26524,26524,26521,26523,26526,26526,26524,26525
201906192114,26523,26526,26523,26526,26525,26528,26525,26528
201906192115,26526,26526,26521,26526,26528,26529,26523,26528
201906192116,26526,26529,26520,26522,26528,26531,26522,26525
201906192117,26522,26527,26519,26527,26525,26529,26521,26529
201906192118,26527,26527,26519,26519,26529,26529,26521,26521
201906192119,26519,26524,26519,26523,26521,26526,26521,26525
201906192120,26523,26523,26508,26508,26525,26526,26510,26510
201906192121,26509,26510,26504,26506,26511,26512,26506,26508
201906192122,26506,26507,26503,26507,26509,26510,26505,26509
201906192123,26507,26509,26506,26508,26509,26511,26509,26510
201906192124,26508,26516,26507,26514,26510,26518,26509,26516
201906192125,26514,26517,26513,26516,26516,26519,26516,26518
201906192126,26514,26518,26514,26516,26516,26521,26516,26518
201906192127,26517,26517,26514,26516,26519,26520,26516,26519
201906192128,26516,26518,26514,26515,26519,26520,26516,26518
201906192129,26515,26515,26512,26513,26518,26518,26514,26515
201906192130,26512,26515,26512,26512,26514,26517,26514,26514
201906192131,26512,26512,26509,26510,26514,26514,26511,26512
201906192132,26510,26515,26510,26515,26512,26517,26512,26517
201906192133,26515,26519,26514,26517,26517,26521,26516,26520
201906192134,26517,26520,26517,26519,26520,26522,26520,26521
201906192135,26520,26521,26516,26517,26522,26523,26518,26519
201906192136,26518,26518,26517,26518,26520,26521,26519,26520
201906192137,26518,26521,26518,26520,26520,26523,26520,26523
201906192138,26520,26523,26520,26523,26523,26525,26523,26525
201906192139,26523,26526,26520,26526,26525,26528,26523,26528
201906192140,26526,26526,26524,26524,26528,26529,26526,26527
201906192141,26525,26525,26523,26524,26528,26528,26525,26526
201906192142,26524,26526,26524,26526,26526,26528,26526,26528
201906192143,26527,26527,26523,26524,26529,26529,26525,26526
201906192144,26524,26526,26522,26525,26526,26528,26525,26527
201906192145,26526,26529,26526,26529,26528,26531,26528,26531
201906192146,26529,26529,26524,26526,26531,26531,26527,26528
201906192147,26526,26529,26525,26529,26528,26531,26527,26531
201906192148,26529,26531,26528,26531,26531,26533,26531,26533
201906192149,26531,26531,26529,26529,26533,26533,26531,26532
201906192150,26529,26531,26527,26527,26532,26533,26529,26529
201906192151,26527,26527,26525,26525,26529,26529,26527,26527
201906192152,26525,26525,26520,26520,26527,26527,26522,26522
201906192153,26520,26523,26520,26522,26522,26525,26522,26524
201906192154,26523,26526,26522,26526,26525,26528,26525,26528
201906192155,26526,26526,26517,26517,26528,26528,26519,26519
201906192156,26517,26518,26515,26517,26519,26520,26517,26519
201906192157,26518,26522,26516,26517,26520,26524,26518,26520
201906192158,26517,26517,26514,26516,26520,26520,26517,26519
201906192159,26516,26517,26515,26517,26519,26519,26517,26519
201906192200,26516,26516,26509,26509,26518,26518,26512,26512
201906192201,26509,26510,26508,26508,26512,26512,26510,26510
201906192202,26509,26513,26509,26511,26511,26515,26511,26513
201906192203,26510,26511,26509,26511,26512,26513,26511,26513
201906192204,26511,26513,26509,26510,26513,26515,26512,26512
201906192205,26510,26512,26510,26510,26512,26514,26512,26512
201906192206,26510,26511,26510,26511,26512,26514,26512,26513
201906192207,26511,26513,26510,26510,26513,26515,26512,26512
201906192208,26510,26512,26510,26512,26512,26515,26512,26515
201906192209,26512,26513,26510,26512,26515,26515,26512,26514
201906192210,26512,26513,26511,26512,26514,26515,26513,26514
201906192211,26512,26514,26512,26512,26514,26516,26514,26514
201906192212,26513,26513,26512,26513,26515,26515,26514,26515
201906192213,26514,26515,26511,26514,26516,26517,26513,26516
201906192214,26514,26517,26514,26517,26516,26519,26516,26519
201906192215,26516,26516,26513,26513,26518,26518,26515,26515
201906192216,26511,26513,26511,26512,26513,26515,26513,26514
201906192217,26512,26513,26511,26512,26514,26515,26513,26514
201906192218,26512,26513,26512,26512,26514,26516,26514,26514
201906192219,26512,26513,26511,26513,26514,26515,26513,26515
201906192220,26513,26515,26513,26515,26515,26517,26515,26517
201906192221,26514,26515,26512,26513,26516,26517,26514,26515
201906192222,26512,26513,26510,26511,26515,26515,26513,26514
201906192223,26511,26513,26511,26513,26514,26516,26513,26515
201906192224,26513,26513,26512,26512,26515,26516,26514,26514
201906192225,26510,26513,26508,26508,26512,26515,26510,26510
201906192226,26508,26508,26505,26505,26510,26511,26507,26507
201906192227,26505,26507,26505,26506,26507,26509,26507,26508
201906192228,26506,26507,26504,26505,26508,26509,26507,26508
201906192229,26505,26508,26505,26507,26508,26510,26507,26509
201906192230,26507,26528,26502,26528,26509,26530,26504,26530
201906192231,26528,26529,26512,26513,26530,26531,26514,26515
201906192232,26513,26520,26504,26515,26515,26522,26506,26517
201906192233,26515,26527,26508,26519,26517,26529,26510,26521
201906192234,26521,26530,26519,26526,26523,26532,26521,26528
201906192235,26526,26531,26520,26525,26528,26533,26522,26527
201906192236,26525,26533,26521,26528,26527,26535,26523,26530
201906192237,26528,26534,26519,26521,26530,26536,26521,26523
201906192238,26522,26536,26515,26532,26524,26538,26517,26534
201906192239,26531,26541,26530,26539,26533,26543,26532,26541
201906192240,26538,26541,26533,26538,26540,26543,26535,26540
201906192241,26538,26538,26521,26525,26540,26540,26523,26528
201906192242,26525,26545,26525,26544,26528,26547,26528,26546
201906192243,26544,26548,26540,26541,26546,26550,26542,26543
201906192244,26541,26552,26537,26537,26543,26554,26539,26539
201906192245,26537,26542,26535,26537,26539,26544,26537,26539
201906192246,26537,26537,26522,26523,26539,26539,26524,26525
201906192247,26523,26529,26520,26526,26525,26531,26522,26528
201906192248,26526,26529,26521,26526,26528,26531,26523,26528
201906192249,26526,26536,26525,26536,26528,26538,26527,26538
201906192250,26536,26536,26526,26536,26538,26538,26528,26538
201906192251,26535,26539,26533,26535,26537,26541,26535,26537
201906192252,26535,26549,26535,26547,26537,26551,26537,26549
201906192253,26547,26547,26539,26544,26549,26549,26541,26546
201906192254,26544,26550,26543,26549,26546,26552,26545,26551
201906192255,26549,26552,26538,26540,26551,26554,26540,26542
201906192256,26540,26545,26537,26539,26542,26547,26539,26541
201906192257,26539,26542,26537,26539,26541,26544,26539,26541
201906192258,26538,26545,26537,26545,26540,26547,26539,26547
201906192259,26545,26556,26543,26552,26547,26558,26545,26554
201906192300,26553,26559,26553,26559,26555,26561,26555,26561
201906192301,26560,26560,26550,26552,26562,26562,26552,26554
201906192302,26551,26553,26539,26540,26553,26555,26541,26542
201906192303,26539,26539,26529,26532,26541,26541,26531,26534
201906192304,26531,26541,26526,26538,26533,26543,26528,26540
201906192305,26538,26541,26533,26534,26540,26543,26535,26536
201906192306,26534,26539,26530,26535,26536,26541,26532,26537
201906192307,26534,26535,26527,26533,26536,26537,26529,26535
201906192308,26532,26534,26529,26533,26534,26536,26531,26535
201906192309,26533,26536,26528,26531,26535,26538,26530,26533
201906192310,26531,26531,26523,26526,26533,26533,26525,26528
201906192311,26526,26526,26520,26523,26528,26528,26522,26525
201906192312,26523,26523,26516,26520,26525,26525,26518,26522
201906192313,26521,26523,26517,26522,26523,26525,26519,26524
201906192314,26522,26533,26522,26530,26524,26535,26524,26532
201906192315,26530,26535,26530,26531,26532,26537,26532,26533
201906192316,26531,26534,26522,26523,26533,26536,26524,26525
201906192317,26523,26523,26516,26518,26525,26525,26518,26520
201906192318,26518,26521,26515,26516,26520,26523,26517,26518
201906192319,26516,26519,26513,26516,26518,26521,26515,26518
201906192320,26516,26523,26516,26522,26518,26525,26518,26524
201906192321,26521,26525,26521,26523,26523,26527,26523,26525
201906192322,26523,26528,26522,26527,26525,26530,26524,26529
201906192323,26526,26526,26522,26524,26528,26528,26524,26526
201906192324,26523,26525,26519,26521,26525,26527,26521,26523
201906192325,26522,26525,26519,26522,26524,26527,26521,26524
201906192326,26522,26525,26518,26521,26524,26527,26520,26523
201906192327,26521,26521,26514,26514,26523,26523,26516,26516
201906192328,26514,26516,26511,26512,26516,26518,26513,26514
201906192329,26512,26515,26512,26514,26514,26517,26514,26516
201906192330,26513,26526,26513,26524,26515,26528,26515,26526
201906192331,26524,26527,26520,26521,26526,26529,26522,26523
201906192332,26521,26525,26520,26522,26523,26527,26522,26524
201906192333,26521,26524,26513,26513,26523,26526,26515,26515
201906192334,26514,26515,26506,26506,26516,26517,26508,26508
201906192335,26506,26513,26506,26506,26508,26515,26508,26508
201906192336,26507,26512,26505,26511,26509,26514,26507,26513
201906192337,26511,26519,26508,26519,26513,26521,26510,26521
201906192338,26519,26522,26519,26521,26521,26524,26521,26523
201906192339,26521,26523,26519,26520,26523,26525,26521,26522
201906192340,26520,26522,26512,26513,26522,26524,26514,26515
201906192341,26514,26520,26513,26515,26516,26522,26515,26517
201906192342,26514,26516,26509,26516,26516,26518,26511,26518
201906192343,26516,26518,26513,26515,26518,26520,26515,26517
201906192344,26515,26522,26515,26522,26517,26524,26517,26524
201906192345,26523,26524,26522,26523,26525,26526,26524,26525
201906192346,26523,26525,26519,26524,26525,26527,26521,26526
201906192347,26524,26525,26521,26525,26526,26527,26523,26527
201906192348,26526,26529,26521,26523,26528,26531,26523,26525
201906192349,26524,26524,26519,26521,26526,26526,26521,26523
201906192350,26520,26530,26520,26530,26522,26532,26522,26532
201906192351,26530,26531,26528,26530,26532,26533,26530,26532
201906192352,26530,26530,26526,26528,26532,26532,26528,26530
201906192353,26528,26532,26527,26527,26530,26534,26529,26529
201906192354,26526,26531,26526,26530,26528,26533,26528,26532
201906192355,26530,26531,26525,26525,26532,26533,26527,26527
201906192356,26525,26526,26522,26524,26527,26528,26524,26526
201906192357,26524,26530,26523,26524,26526,26532,26525,26526
201906192358,26523,26523,26520,26520,26525,26525,26522,26522
201906192359,26519,26528,26516,26527,26521,26530,26518,26529
201906200000,26527,26533,26527,26532,26529,26535,26529,26534
201906200001,26532,26537,26532,26536,26534,26539,26534,26538
201906200002,26536,26544,26536,26541,26538,26546,26538,26543
201906200003,26541,26543,26535,26540,26543,26545,26537,26542
201906200004,26540,26543,26538,26539,26542,26545,26540,26541
201906200005,26539,26542,26538,26542,26541,26544,26540,26544
201906200006,26542,26543,26541,26541,26544,26545,26543,26543
201906200007,26541,26542,26535,26535,26543,26544,26537,26537
201906200008,26535,26535,26532,26535,26537,26537,26534,26537
201906200009,26535,26535,26524,26524,26537,26537,26526,26526
201906200010,26524,26525,26519,26519,26526,26527,26521,26521
201906200011,26519,26521,26517,26519,26521,26523,26519,26521
201906200012,26519,26526,26518,26520,26521,26528,26520,26522
201906200013,26520,26528,26519,26526,26522,26530,26521,26528
201906200014,26526,26527,26522,26523,26528,26529,26524,26525
201906200015,26523,26523,26517,26520,26525,26525,26519,26522
201906200016,26519,26520,26513,26518,26521,26522,26515,26520
201906200017,26517,26521,26516,26518,26519,26523,26518,26520
201906200018,26518,26523,26517,26522,26520,26525,26519,26524
201906200019,26522,26522,26516,26518,26524,26524,26518,26520
201906200020,26518,26527,26518,26527,26520,26529,26520,26529
201906200021,26527,26527,26523,26523,26529,26529,26525,26525
201906200022,26523,26525,26523,26525,26525,26527,26525,26527
201906200023,26524,26526,26524,26525,26526,26528,26526,26527
201906200024,26524,26527,26523,26524,26526,26529,26525,26526
201906200025,26524,26524,26521,26521,26526,26526,26523,26523
201906200026,26521,26524,26517,26521,26523,26526,26519,26523
201906200027,26522,26525,26520,26524,26524,26527,26522,26526
201906200028,26524,26528,26523,26528,26526,26530,26525,26530
201906200029,26528,26533,26524,26532,26530,26535,26526,26534
201906200030,26532,26534,26529,26534,26534,26536,26531,26536
201906200031,26533,26533,26527,26527,26535,26535,26529,26529
201906200032,26527,26527,26523,26525,26529,26529,26525,26527
201906200033,26525,26529,26522,26524,26527,26531,26524,26526
201906200034,26524,26527,26518,26519,26526,26529,26520,26521
201906200035,26519,26523,26516,26521,26521,26525,26518,26523
201906200036,26521,26523,26512,26514,26523,26525,26514,26516
201906200037,26513,26517,26512,26513,26515,26519,26514,26515
201906200038,26513,26514,26510,26511,26515,26516,26512,26513
201906200039,26511,26524,26511,26521,26513,26526,26513,26523
201906200040,26521,26521,26515,26521,26523,26523,26517,26523
201906200041,26521,26526,26520,26525,26523,26528,26522,26527
201906200042,26524,26530,26524,26529,26526,26532,26526,26531
201906200043,26529,26533,26529,26532,26531,26535,26531,26534
201906200044,26531,26533,26530,26532,26533,26535,26532,26534
201906200045,26532,26532,26526,26528,26534,26534,26528,26530
201906200046,26528,26532,26528,26532,26530,26534,26530,26534
201906200047,26532,26534,26530,26534,26534,26536,26532,26536
201906200048,26532,26534,26530,26532,26534,26536,26532,26534
201906200049,26532,26533,26528,26532,26534,26535,26530,26534
201906200050,26532,26532,26528,26528,26534,26534,26530,26530
201906200051,26527,26527,26524,26527,26529,26529,26526,26529
201906200052,26527,26536,26526,26535,26529,26538,26528,26537
201906200053,26535,26542,26533,26539,26537,26544,26535,26541
201906200054,26539,26539,26533,26534,26541,26541,26535,26536
201906200055,26534,26535,26532,26533,26536,26537,26534,26535
201906200056,26533,26533,26528,26529,26535,26535,26530,26531
201906200057,26530,26530,26524,26526,26532,26532,26526,26528
201906200058,26527,26530,26525,26528,26529,26532,26527,26530
201906200059,26528,26530,26525,26525,26530,26532,26527,26527
201906200100,26525,26528,26523,26524,26527,26530,26525,26526
201906200101,26523,26524,26515,26517,26525,26526,26517,26519
201906200102,26518,26518,26514,26515,26520,26520,26516,26517
201906200103,26515,26518,26514,26517,26517,26520,26516,26519
201906200104,26517,26519,26515,26517,26519,26521,26517,26519
201906200105,26517,26518,26512,26514,26519,26520,26514,26516
201906200106,26514,26515,26511,26515,26516,26517,26513,26517
201906200107,26514,26514,26510,26511,26516,26516,26512,26513
201906200108,26510,26514,26508,26508,26512,26516,26510,26510
201906200109,26507,26507,26499,26499,26509,26509,26501,26501
201906200110,26499,26506,26498,26505,26501,26508,26500,26507
201906200111,26505,26507,26503,26507,26507,26509,26505,26509
201906200112,26507,26508,26504,26508,26509,26510,26506,26510
201906200113,26508,26511,26507,26510,26510,26513,26509,26512
201906200114,26509,26514,26509,26512,26511,26516,26511,26514
201906200115,26512,26513,26504,26504,26514,26515,26506,26506
201906200116,26504,26509,26500,26507,26506,26511,26502,26509
201906200117,26506,26513,26505,26509,26508,26515,26507,26511
201906200118,26509,26513,26508,26513,26511,26515,26510,26515
201906200119,26513,26515,26511,26513,26515,26517,26513,26515
201906200120,26513,26514,26508,26510,26515,26516,26510,26512
201906200121,26510,26510,26505,26506,26512,26512,26507,26508
201906200122,26506,26510,26506,26509,26508,26512,26508,26511
201906200123,26509,26510,26507,26507,26511,26512,26509,26509
201906200124,26508,26513,26506,26512,26510,26515,26508,26514
201906200125,26512,26513,26508,26508,26514,26515,26510,26510
201906200126,26507,26509,26506,26506,26509,26511,26508,26508
201906200127,26506,26507,26505,26507,26508,26509,26507,26509
201906200128,26507,26507,26503,26503,26509,26509,26505,26505
201906200129,26503,26506,26503,26504,26505,26508,26505,26506
201906200130,26504,26505,26501,26502,26506,26507,26503,26504
201906200131,26502,26503,26498,26500,26504,26505,26500,26502
201906200132,26500,26501,26497,26498,26502,26503,26499,26500
201906200133,26497,26503,26496,26503,26499,26505,26498,26505
201906200134,26503,26506,26500,26501,26505,26508,26502,26503
201906200135,26502,26502,26497,26498,26504,26504,26499,26500
201906200136,26498,26503,26497,26502,26500,26505,26499,26504
201906200137,26503,26506,26501,26501,26505,26508,26503,26503
201906200138,26501,26502,26499,26502,26503,26505,26501,26505
201906200139,26502,26503,26501,26502,26505,26505,26503,26505
201906200140,26502,26503,26497,26497,26505,26505,26499,26499
201906200141,26498,26498,26496,26497,26500,26500,26498,26499
201906200142,26496,26500,26496,26497,26498,26502,26498,26499
201906200143,26497,26497,26496,26497,26499,26499,26499,26499
201906200144,26496,26498,26496,26497,26498,26500,26498,26499
201906200145,26497,26499,26496,26499,26499,26501,26498,26501
201906200146,26499,26502,26499,26500,26501,26504,26501,26502
201906200147,26500,26501,26499,26500,26502,26503,26501,26502
201906200148,26500,26503,26499,26499,26502,26505,26501,26501
201906200149,26499,26501,26498,26498,26501,26503,26500,26500
201906200150,26499,26501,26498,26500,26501,26503,26500,26502
201906200151,26499,26501,26497,26497,26501,26503,26499,26499
201906200152,26498,26499,26494,26498,26500,26501,26496,26500
201906200153,26498,26499,26495,26497,26500,26501,26497,26499
201906200154,26497,26497,26496,26497,26499,26499,26498,26499
201906200155,26497,26501,26497,26498,26499,26503,26499,26500
201906200156,26499,26499,26495,26496,26501,26501,26497,26498
201906200157,26496,26496,26494,26495,26498,26498,26496,26497
201906200158,26495,26496,26492,26495,26497,26498,26494,26497
201906200159,26495,26497,26495,26497,26497,26499,26497,26499
201906200200,26496,26498,26495,26496,26498,26500,26497,26498
201906200201,26496,26498,26495,26496,26498,26500,26497,26498
201906200202,26496,26496,26493,26495,26498,26498,26495,26497
201906200203,26495,26496,26493,26495,26497,26498,26495,26497
201906200204,26495,26496,26494,26494,26497,26498,26496,26496
201906200205,26494,26494,26492,26493,26496,26496,26494,26495
201906200206,26492,26493,26492,26492,26494,26495,26494,26494
201906200207,26492,26494,26492,26492,26494,26496,26494,26494
201906200208,26492,26495,26490,26491,26494,26497,26492,26493
201906200209,26491,26494,26491,26492,26493,26496,26493,26494
201906200210,26491,26495,26490,26491,26493,26497,26492,26493
201906200211,26491,26491,26483,26487,26493,26493,26485,26489
201906200212,26487,26490,26485,26486,26489,26492,26487,26488
201906200213,26486,26487,26477,26478,26488,26489,26479,26480
201906200214,26479,26484,26477,26477,26481,26486,26479,26479
201906200215,26477,26478,26475,26477,26479,26480,26477,26479
201906200216,26477,26479,26475,26477,26479,26481,26477,26479
201906200217,26477,26479,26471,26471,26479,26481,26473,26473
201906200218,26471,26478,26470,26475,26473,26480,26472,26477
201906200219,26475,26476,26471,26471,26477,26478,26473,26473
201906200220,26471,26472,26465,26468,26473,26474,26467,26470
201906200221,26468,26470,26465,26465,26470,26472,26467,26467
201906200222,26465,26469,26463,26467,26467,26471,26465,26469
201906200223,26467,26478,26466,26478,26469,26480,26468,26480
201906200224,26478,26481,26477,26481,26480,26483,26479,26483
201906200225,26481,26483,26480,26481,26483,26485,26482,26483
201906200226,26481,26483,26479,26479,26483,26485,26481,26481
201906200227,26479,26485,26479,26482,26481,26487,26481,26484
201906200228,26482,26485,26481,26485,26484,26487,26483,26487
201906200229,26485,26486,26482,26483,26487,26488,26484,26485
201906200230,26483,26486,26482,26485,26485,26488,26484,26487
201906200231,26485,26488,26484,26487,26487,26490,26486,26489
201906200232,26487,26490,26485,26490,26489,26492,26487,26492
201906200233,26490,26491,26489,26491,26492,26493,26491,26493
201906200234,26491,26491,26490,26490,26493,26493,26492,26492
201906200235,26490,26492,26490,26492,26492,26494,26492,26494
201906200236,26492,26495,26491,26494,26494,26497,26493,26496
201906200237,26494,26497,26493,26497,26496,26499,26495,26499
201906200238,26497,26497,26495,26496,26499,26499,26497,26498
201906200239,26496,26497,26490,26490,26498,26499,26492,26492
201906200240,26490,26490,26486,26487,26492,26492,26488,26489
201906200241,26488,26488,26486,26486,26490,26490,26488,26488
201906200242,26486,26486,26482,26483,26488,26488,26484,26485
201906200243,26483,26483,26478,26478,26485,26485,26480,26480
201906200244,26478,26478,26471,26471,26480,26480,26473,26473
201906200245,26471,26473,26471,26471,26473,26475,26473,26473
201906200246,26471,26472,26468,26469,26473,26474,26470,26471
201906200247,26469,26470,26466,26467,26471,26472,26468,26469
201906200248,26467,26470,26467,26467,26469,26472,26469,26469
201906200249,26467,26469,26466,26468,26469,26471,26468,26470
201906200250,26469,26486,26468,26486,26471,26488,26470,26488
201906200251,26488,26501,26487,26500,26490,26503,26489,26503
201906200252,26500,26500,26490,26491,26503,26503,26493,26493
201906200253,26491,26491,26486,26486,26493,26494,26488,26489
201906200254,26486,26486,26481,26482,26489,26489,26483,26485
201906200255,26482,26482,26476,26476,26485,26485,26478,26478
201906200256,26476,26476,26470,26472,26478,26479,26472,26475
201906200257,26472,26477,26470,26472,26475,26479,26473,26476
201906200258,26472,26477,26470,26476,26476,26481,26473,26479
201906200259,26476,26493,26475,26491,26479,26496,26479,26494
201906200300,26492,26505,26432,26493,26495,26510,26435,26496
201906200301,26493,26564,26491,26559,26496,26566,26494,26561
201906200302,26559,26559,26519,26519,26562,26562,26522,26522
201906200303,26519,26546,26511,26546,26522,26549,26515,26549
201906200304,26546,26568,26538,26565,26549,26570,26541,26567
201906200305,26565,26577,26562,26575,26567,26580,26565,26578
201906200306,26575,26586,26565,26570,26578,26588,26567,26572
201906200307,26570,26570,26543,26546,26572,26572,26546,26549
201906200308,26546,26549,26506,26508,26549,26551,26508,26510
201906200309,26508,26526,26508,26517,26511,26529,26511,26520
201906200310,26517,26527,26516,26517,26520,26529,26518,26519
201906200311,26517,26531,26517,26520,26519,26533,26519,26522
201906200312,26520,26548,26518,26530,26523,26550,26520,26532
201906200313,26530,26549,26529,26531,26532,26551,26531,26534
201906200314,26531,26543,26525,26534,26534,26546,26527,26536
201906200315,26534,26544,26528,26538,26536,26546,26530,26540
201906200316,26538,26553,26531,26546,26540,26555,26533,26548
201906200317,26546,26555,26537,26553,26548,26557,26539,26555
201906200318,26553,26559,26543,26548,26555,26561,26545,26550
201906200319,26548,26549,26537,26539,26550,26551,26539,26541
201906200320,26539,26542,26528,26528,26541,26544,26530,26530
201906200321,26528,26539,26524,26533,26530,26541,26526,26535
201906200322,26533,26533,26525,26528,26535,26535,26527,26530
201906200323,26528,26530,26520,26521,26530,26532,26522,26523
201906200324,26521,26522,26500,26503,26523,26524,26502,26505
201906200325,26503,26512,26493,26512,26505,26514,26495,26514
201906200326,26512,26512,26492,26507,26514,26514,26495,26509
201906200327,26507,26507,26491,26491,26509,26509,26493,26494
201906200328,26491,26509,26486,26509,26494,26511,26489,26511
201906200329,26509,26511,26502,26508,26511,26513,26504,26510
201906200330,26508,26533,26501,26529,26510,26535,26503,26531
201906200331,26529,26537,26525,26532,26531,26539,26527,26534
201906200332,26530,26562,26529,26560,26532,26564,26531,26562
201906200333,26560,26565,26555,26555,26562,26567,26557,26557
201906200334,26555,26557,26542,26546,26557,26559,26544,26548
201906200335,26546,26547,26521,26521,26548,26549,26523,26523
201906200336,26521,26555,26521,26548,26523,26557,26523,26550
201906200337,26548,26551,26527,26530,26550,26553,26529,26532
201906200338,26530,26540,26524,26530,26532,26542,26526,26532
201906200339,26530,26530,26505,26508,26532,26532,26507,26510
201906200340,26508,26513,26491,26508,26510,26515,26493,26510
201906200341,26512,26531,26511,26519,26514,26533,26513,26521
201906200342,26519,26526,26507,26511,26521,26528,26510,26513
201906200343,26511,26531,26503,26529,26513,26533,26505,26531
201906200344,26526,26536,26518,26527,26528,26538,26521,26530
201906200345,26526,26537,26515,26532,26528,26539,26517,26534
201906200346,26530,26530,26514,26524,26532,26532,26516,26526
201906200347,26523,26523,26507,26517,26525,26525,26509,26519
201906200348,26519,26531,26512,26512,26521,26533,26514,26514
201906200349,26512,26518,26505,26511,26514,26520,26507,26513
201906200350,26511,26526,26505,26521,26513,26528,26507,26523
201906200351,26521,26528,26511,26526,26523,26530,26513,26528
201906200352,26526,26540,26521,26539,26528,26542,26523,26541
201906200353,26538,26539,26527,26528,26540,26541,26529,26530
201906200354,26527,26535,26525,26533,26529,26537,26527,26535
201906200355,26532,26538,26522,26527,26534,26540,26524,26529
201906200356,26527,26540,26527,26538,26529,26542,26529,26540
201906200357,26538,26547,26538,26544,26540,26549,26540,26546
201906200358,26544,26550,26532,26533,26546,26552,26535,26535
201906200359,26533,26537,26526,26534,26535,26539,26528,26536
201906200400,26534,26538,26527,26538,26536,26540,26530,26540
201906200401,26538,26553,26538,26553,26540,26555,26540,26555
201906200402,26553,26560,26550,26560,26555,26562,26552,26562
201906200403,26558,26558,26541,26551,26560,26560,26543,26553
201906200404,26551,26558,26550,26557,26553,26560,26553,26559
201906200405,26557,26564,26551,26552,26559,26566,26553,26554
201906200406,26551,26552,26547,26549,26553,26554,26549,26551
201906200407,26549,26553,26546,26548,26551,26555,26548,26550
201906200408,26547,26549,26542,26544,26549,26551,26544,26546
201906200409,26544,26563,26544,26552,26546,26565,26546,26554
201906200410,26552,26560,26544,26546,26554,26562,26546,26548
201906200411,26546,26551,26542,26546,26548,26554,26544,26548
201906200412,26546,26556,26545,26556,26548,26558,26547,26558
201906200413,26556,26560,26549,26560,26558,26562,26551,26562
201906200414,26559,26564,26556,26560,26561,26566,26558,26562
201906200415,26560,26565,26552,26557,26562,26567,26554,26559
201906200416,26557,26557,26547,26547,26559,26559,26549,26549
201906200417,26547,26549,26539,26543,26549,26551,26541,26545
201906200418,26543,26557,26543,26557,26545,26559,26545,26559
201906200419,26556,26559,26551,26556,26558,26561,26553,26558
201906200420,26556,26561,26553,26558,26558,26563,26555,26560
201906200421,26558,26564,26551,26551,26560,26566,26553,26553
201906200422,26552,26552,26542,26545,26554,26554,26544,26547
201906200423,26544,26549,26544,26548,26546,26551,26546,26550
201906200424,26547,26557,26547,26557,26549,26559,26549,26559
201906200425,26558,26561,26556,26559,26560,26563,26558,26561
201906200426,26559,26561,26552,26552,26561,26563,26554,26554
201906200427,26552,26552,26543,26545,26554,26554,26545,26547
201906200428,26544,26546,26541,26544,26546,26548,26544,26546
201906200429,26544,26551,26544,26548,26546,26553,26546,26550
201906200430,26548,26560,26548,26560,26550,26562,26550,26562
201906200431,26559,26561,26556,26558,26561,26563,26558,26560
201906200432,26558,26563,26549,26549,26560,26565,26551,26551
201906200433,26549,26551,26544,26546,26551,26553,26546,26548
201906200434,26546,26552,26543,26551,26548,26554,26545,26553
201906200435,26551,26551,26534,26534,26553,26553,26536,26536
201906200436,26534,26546,26533,26545,26536,26548,26535,26547
201906200437,26545,26549,26539,26539,26547,26551,26541,26541
201906200438,26540,26544,26532,26532,26542,26546,26534,26534
201906200439,26531,26532,26517,26518,26533,26534,26519,26520
201906200440,26517,26527,26514,26525,26519,26529,26516,26527
201906200441,26526,26552,26526,26552,26528,26554,26528,26554
201906200442,26553,26573,26552,26564,26555,26575,26554,26566
201906200443,26564,26570,26560,26561,26566,26572,26562,26563
201906200444,26561,26561,26541,26545,26563,26563,26543,26547
201906200445,26543,26570,26543,26570,26546,26572,26546,26572
201906200446,26570,26574,26563,26566,26572,26576,26565,26568
201906200447,26566,26577,26565,26567,26568,26579,26567,26569
201906200448,26567,26569,26556,26560,26569,26571,26558,26562
201906200449,26560,26560,26549,26551,26562,26562,26551,26553
201906200450,26551,26566,26550,26554,26553,26568,26552,26556
201906200451,26554,26569,26551,26565,26556,26571,26553,26567
201906200452,26567,26568,26557,26558,26569,26570,26559,26560
201906200453,26558,26562,26554,26562,26560,26564,26556,26564
201906200454,26562,26576,26557,26557,26564,26578,26559,26559
201906200455,26557,26562,26540,26548,26559,26564,26542,26550
201906200456,26548,26551,26538,26538,26550,26553,26540,26540
201906200457,26538,26539,26527,26538,26540,26541,26529,26540
201906200458,26538,26545,26535,26542,26540,26547,26537,26544
201906200459,26542,26542,26521,26521,26544,26544,26523,26523
201906200500,26519,26527,26513,26516,26521,26529,26515,26518
201906200501,26516,26527,26514,26523,26518,26529,26516,26525
201906200502,26523,26528,26520,26528,26525,26530,26522,26530
201906200503,26528,26533,26528,26532,26530,26535,26530,26535
201906200504,26533,26535,26530,26531,26535,26537,26533,26534
201906200505,26532,26534,26529,26532,26535,26536,26531,26535
201906200506,26532,26534,26531,26533,26535,26536,26534,26536
201906200507,26533,26534,26530,26531,26536,26536,26533,26533
201906200508,26531,26532,26531,26532,26533,26535,26533,26534
201906200509,26532,26532,26529,26530,26534,26534,26531,26533
201906200510,26530,26531,26528,26530,26533,26533,26530,26532
201906200511,26529,26532,26528,26532,26531,26534,26531,26534
201906200512,26533,26537,26532,26536,26535,26539,26535,26538
201906200513,26536,26538,26535,26535,26538,26540,26537,26537
201906200514,26534,26538,26532,26532,26536,26540,26534,26534
