日時,始値(BID),高値(BID),安値(BID),終値(BID),始値(ASK),高値(ASK),安値(ASK),終値(ASK)
202005131600,5924,5929.3,5920.8,5920.8,5925.3,5930.3,5921.8,5921.8
202005131601,5920.8,5927.8,5920.1,5927.8,5921.8,5929.1,5921.1,5928.8
202005131602,5927.8,5928.7,5921.9,5923.7,5928.8,5929.7,5922.9,5924.7
202005131603,5923.7,5924.8,5918.2,5918.2,5924.7,5926,5919.8,5920
202005131604,5918.2,5921,5914.8,5919.8,5920,5922.5,5915.8,5921.1
202005131605,5919.8,5925.1,5919.8,5922.4,5921.1,5926.1,5921.1,5923.4
202005131606,5922.4,5923.1,5912.5,5916.6,5923.4,5924.1,5914,5917.9
202005131607,5916.9,5920,5916,5917.3,5918.2,5921,5917.5,5918.3
202005131608,5917.3,5920.6,5917.1,5919.7,5918.3,5921.8,5918.3,5920.7
202005131609,5919.7,5925.6,5919.6,5921,5920.7,5926.6,5920.7,5922.3
202005131610,5921,5923.6,5920.8,5921.1,5922.3,5924.6,5921.8,5922.1
202005131611,5921.1,5922.6,5912.2,5912.3,5922.1,5924.1,5913.3,5913.4
202005131612,5912.4,5915.8,5911.4,5911.4,5913.4,5916.8,5912.4,5912.4
202005131613,5911.4,5917.3,5911.1,5917.3,5912.4,5918.3,5912.1,5918.3
202005131614,5917.3,5918.9,5915.2,5918.7,5918.3,5920,5916.2,5919.7
202005131615,5918.6,5918.7,5915.3,5917.4,5919.6,5919.7,5916.3,5918.4
202005131616,5917.4,5919.2,5916.1,5917.7,5918.4,5920.2,5917.1,5918.7
202005131617,5917.7,5919.1,5913.3,5913.6,5918.7,5920.1,5914.3,5914.6
202005131618,5913.6,5915.3,5912.7,5913.3,5914.6,5916.4,5913.7,5914.3
202005131619,5913.3,5917.2,5912.1,5917.2,5914.3,5918.2,5913.1,5918.2
202005131620,5917.2,5918.6,5912.5,5917.8,5918.2,5919.6,5913.5,5918.8
202005131621,5918.1,5919.8,5917.3,5919.8,5919.1,5920.8,5918.3,5920.8
202005131622,5919.8,5927.9,5919.5,5927.3,5920.8,5928.9,5920.5,5928.3
202005131623,5927.3,5929.1,5925.3,5926.9,5928.3,5930.1,5926.3,5927.9
202005131624,5926.9,5927.6,5921.4,5922.7,5927.9,5928.6,5922.7,5923.8
202005131625,5922.7,5923.4,5918.5,5919.5,5923.8,5924.4,5919.5,5920.5
202005131626,5919.5,5919.5,5915.8,5915.8,5920.5,5920.8,5916.8,5916.8
202005131627,5915.8,5915.8,5911.3,5913.5,5916.8,5916.8,5912.3,5914.5
202005131628,5913.5,5913.8,5909.4,5910.3,5914.5,5914.8,5910.4,5911.3
202005131629,5910.3,5910.9,5904.5,5906.4,5911.3,5911.9,5905.8,5907.4
202005131630,5906.8,5907.2,5899.6,5899.6,5907.8,5908.2,5900.6,5900.6
202005131631,5899.6,5900.9,5897.6,5900.3,5900.6,5901.9,5898.6,5901.3
202005131632,5900.3,5903.5,5898.2,5900.9,5901.3,5904.5,5899.2,5901.9
202005131633,5900.9,5902.8,5899.8,5901.9,5901.9,5903.8,5900.8,5902.9
202005131634,5901.9,5902.2,5893.1,5893.6,5902.9,5903.2,5894.1,5894.9
202005131635,5893.6,5893.8,5885.5,5885.5,5894.9,5894.9,5886.5,5886.5
202005131636,5885.8,5887.8,5884.9,5887.4,5886.8,5888.8,5885.9,5888.4
202005131637,5887.4,5889.3,5884.6,5884.6,5888.4,5890.4,5885.6,5885.6
202005131638,5884.6,5886.7,5880.6,5884.7,5885.6,5887.7,5881.8,5885.7
202005131639,5884.8,5885,5881.1,5884.2,5885.8,5886,5882.1,5885.3
202005131640,5884.2,5886.6,5882.1,5886.6,5885.3,5887.6,5883.1,5887.6
202005131641,5886.6,5887.2,5883.7,5886.8,5887.6,5888.2,5884.7,5887.8
202005131642,5886.8,5891.7,5884.9,5891.6,5887.8,5892.7,5885.9,5892.6
202005131643,5891.6,5901.2,5890.3,5901.1,5892.6,5902.2,5892.3,5902.1
202005131644,5901.1,5903.8,5900.2,5903.8,5902.1,5904.8,5901.2,5904.8
202005131645,5903.6,5904.6,5898.7,5898.9,5904.7,5905.6,5899.7,5899.9
202005131646,5898.9,5902.2,5897.5,5900.4,5899.9,5903.3,5898.7,5901.4
202005131647,5900.4,5903.5,5899.6,5901.4,5901.4,5904.5,5900.6,5902.4
202005131648,5901.4,5906.4,5899.1,5906.3,5902.4,5907.4,5900.3,5907.3
202005131649,5907.3,5907.7,5903,5907.2,5908.3,5908.7,5904.3,5908.3
202005131650,5907.2,5908,5903.8,5907.5,5908.3,5909,5904.8,5908.5
202005131651,5907.5,5911,5907.2,5909.7,5908.5,5912.1,5908.2,5910.7
202005131652,5909.8,5912.9,5909.8,5912.3,5910.8,5913.9,5910.8,5913.3
202005131653,5912.4,5912.8,5908.8,5911.5,5913.4,5913.8,5909.8,5912.5
202005131654,5911.5,5913.3,5910.2,5910.3,5912.5,5914.3,5911.2,5911.4
202005131655,5910.2,5911.7,5908,5908,5911.2,5912.7,5909,5909
202005131656,5908,5908.3,5902.7,5903.3,5909,5909.3,5903.7,5904.3
202005131657,5903.3,5908.5,5903.3,5907.7,5904.3,5909.5,5904.3,5908.7
202005131658,5907.7,5908.1,5906.2,5907.7,5908.7,5909.1,5907.2,5908.7
202005131659,5907.7,5909.6,5903,5904.8,5908.7,5910.6,5904,5905.8
202005131700,5904.8,5905.6,5902.1,5902.3,5905.8,5906.6,5903.1,5903.3
202005131701,5902.6,5903.7,5901.3,5903,5903.6,5904.7,5902.3,5904
202005131702,5903,5903.2,5899.1,5899.1,5904,5904.2,5900.1,5900.1
202005131703,5899.1,5900.2,5897.2,5898.1,5900.1,5901.2,5898.2,5899.1
202005131704,5897.8,5900.3,5896.2,5896.8,5898.8,5901.3,5897.2,5897.8
202005131705,5896.9,5908.2,5896.9,5908.2,5897.9,5909.4,5897.9,5909.2
202005131706,5908.2,5912.2,5906.4,5906.8,5909.2,5913.2,5907.4,5907.8
202005131707,5906.8,5908.8,5905.8,5905.8,5907.8,5909.8,5906.8,5906.8
202005131708,5905.8,5910.1,5903.8,5909.7,5906.8,5911.1,5904.8,5910.8
202005131709,5909.7,5914.7,5908.4,5913.1,5910.8,5915.7,5909.4,5914.1
202005131710,5912.9,5915.8,5910.7,5915.7,5913.9,5916.9,5911.7,5916.7
202005131711,5915.7,5918.8,5915.1,5915.2,5916.7,5919.8,5916.1,5916.2
202005131712,5915.2,5916.7,5907.7,5907.7,5916.2,5917.7,5908.7,5908.7
202005131713,5907.7,5910.3,5907.2,5909.8,5908.7,5911.3,5908.2,5910.8
202005131714,5909.8,5917.7,5909.8,5917.1,5910.8,5918.7,5910.8,5918.1
202005131715,5917.1,5917.1,5911.1,5912.1,5918.1,5918.1,5912.1,5913.1
202005131716,5912.2,5914.9,5910.9,5914,5913.2,5915.9,5911.9,5915
202005131717,5914,5914.4,5908.7,5909.8,5915,5915.4,5909.7,5910.9
202005131718,5909.8,5910.6,5907.3,5908.6,5910.9,5911.6,5908.3,5909.6
202005131719,5908.6,5908.6,5905.2,5906.6,5909.6,5909.6,5906.2,5907.6
202005131720,5906.6,5913.3,5906.3,5913.2,5907.6,5914.3,5907.3,5914.2
202005131721,5913.2,5917.2,5909.6,5916.7,5914.2,5918.2,5910.6,5917.7
202005131722,5916.7,5916.9,5912.8,5913.7,5917.7,5917.9,5913.8,5914.7
202005131723,5913.7,5913.8,5910.1,5911.1,5914.7,5914.8,5911.1,5912.1
202005131724,5911.1,5912.7,5910.6,5912.3,5912.1,5913.7,5911.6,5913.3
202005131725,5912.3,5913.1,5910.4,5911.3,5913.3,5914.1,5911.4,5912.3
202005131726,5911.1,5912.3,5910.5,5912.3,5912.1,5913.4,5911.5,5913.3
202005131727,5912.4,5914.4,5911.6,5914.4,5913.4,5915.4,5912.6,5915.4
202005131728,5914.4,5918.1,5914.3,5917.1,5915.4,5919.1,5915.3,5918.1
202005131729,5917.3,5924.8,5917.3,5924.7,5918.3,5925.8,5918.3,5925.7
202005131730,5924.7,5927,5922.1,5925.8,5925.7,5928,5923.1,5926.8
202005131731,5925.8,5926.2,5920.7,5922.2,5926.8,5927.2,5921.7,5923.2
202005131732,5922.2,5922.7,5920.2,5920.9,5923.2,5923.7,5921.2,5921.9
202005131733,5920.9,5923.1,5920,5922.6,5921.9,5924.2,5921.1,5923.6
202005131734,5922.6,5925.2,5921.8,5923.5,5923.6,5926.3,5922.8,5924.5
202005131735,5923.3,5929,5922.5,5923.6,5924.3,5930,5923.5,5924.6
202005131736,5923.6,5923.9,5919.5,5920.3,5924.6,5924.9,5920.5,5921.3
202005131737,5920.3,5922.6,5918.1,5922.2,5921.3,5923.6,5919.1,5923.3
202005131738,5922.2,5923.9,5921.1,5921.5,5923.3,5924.9,5922.1,5922.5
202005131739,5921.5,5923.3,5919.7,5920.3,5922.5,5924.3,5920.7,5921.3
202005131740,5920.2,5921.7,5918.4,5919.5,5921.2,5922.7,5919.4,5920.5
202005131741,5919.5,5919.6,5917.2,5918.3,5920.5,5920.6,5918.2,5919.3
202005131742,5918.2,5918.3,5915.3,5916.8,5919.2,5919.4,5916.3,5917.8
202005131743,5916.8,5918.2,5914.8,5914.8,5917.8,5919.2,5915.8,5915.8
202005131744,5914.8,5917.9,5914,5917.9,5915.8,5918.9,5915,5918.9
202005131745,5917.9,5918.1,5915.7,5917.1,5918.9,5919.1,5916.7,5918.1
202005131746,5917.1,5917.1,5915.2,5915.2,5918.1,5918.1,5916.2,5916.2
202005131747,5914.6,5915.5,5912.5,5913,5915.6,5916.5,5913.7,5914
202005131748,5913,5913.3,5911.3,5912.6,5914,5914.3,5912.3,5913.6
202005131749,5912.6,5914.6,5911.1,5911.4,5913.6,5915.6,5912.1,5912.4
202005131750,5911.4,5913.6,5911.2,5913.5,5912.4,5914.6,5912.2,5914.5
202005131751,5913.5,5914.2,5911.9,5912.4,5914.5,5915.2,5912.9,5913.4
202005131752,5912.4,5912.8,5910.4,5910.4,5913.4,5913.8,5911.4,5911.4
202005131753,5910.4,5910.5,5905.7,5906.3,5911.4,5911.5,5906.7,5907.3
202005131754,5906.3,5907.8,5904.6,5907.5,5907.3,5908.8,5905.6,5908.8
202005131755,5907.5,5908.6,5906.8,5907.3,5908.8,5909.6,5907.8,5908.3
202005131756,5907.3,5910,5905.6,5905.8,5908.3,5911,5906.6,5906.8
202005131757,5905.8,5908.8,5904.2,5908.5,5906.8,5909.8,5905.2,5909.5
202005131758,5908.5,5909.3,5905.8,5907.3,5909.5,5910.3,5906.8,5908.3
202005131759,5907.3,5907.7,5904.7,5904.9,5908.3,5908.7,5905.7,5905.9
202005131800,5904.9,5904.9,5902.8,5903.8,5905.9,5905.9,5903.8,5904.8
202005131801,5903.7,5903.9,5902.1,5902.7,5904.7,5904.9,5903.1,5903.8
202005131802,5902.7,5906.1,5902.7,5903.2,5903.8,5907.1,5903.8,5904.2
202005131803,5903.2,5903.2,5901.8,5902.8,5904.2,5904.2,5902.8,5903.8
202005131804,5902.8,5903.9,5901.3,5901.6,5903.8,5905,5902.3,5902.6
202005131805,5901.6,5904.1,5901.6,5903.9,5902.6,5905.1,5902.6,5904.9
202005131806,5903.9,5904.7,5902.6,5903.2,5904.9,5905.7,5903.6,5904.2
202005131807,5903.1,5904.3,5901.8,5904.3,5904.1,5905.3,5902.8,5905.3
202005131808,5904.3,5909.6,5904.3,5909.6,5905.3,5910.6,5905.3,5910.6
202005131809,5909.6,5912.3,5909.4,5912,5910.6,5913.3,5910.4,5913
202005131810,5912,5916.1,5911.3,5911.3,5913,5917.1,5912.4,5912.4
202005131811,5911.3,5911.7,5909.7,5910.3,5912.4,5912.7,5910.7,5911.3
202005131812,5910.3,5910.6,5907.5,5907.6,5911.3,5911.6,5908.5,5908.6
202005131813,5907.6,5908.8,5904.6,5908.8,5908.6,5909.8,5905.6,5909.8
202005131814,5908.8,5908.8,5904.8,5905.1,5909.8,5909.8,5905.8,5906.1
202005131815,5905.1,5905.7,5903.6,5903.7,5906.1,5906.7,5904.6,5904.7
202005131816,5903.7,5909,5903.4,5908.6,5904.7,5910,5904.4,5909.6
202005131817,5908.6,5911.4,5907,5910.1,5909.6,5912.4,5908,5911.1
202005131818,5910.1,5911.6,5909.6,5910.2,5911.1,5912.6,5910.6,5911.2
202005131819,5910.2,5911,5905.6,5907.7,5911.2,5912,5906.6,5908.7
202005131820,5907.7,5908.2,5905.6,5906.7,5908.7,5909.2,5906.6,5907.7
202005131821,5907,5907.6,5905.5,5905.6,5908,5908.6,5906.5,5906.6
202005131822,5905.6,5905.7,5902.6,5905.5,5906.6,5906.7,5903.6,5906.5
202005131823,5905.5,5907.1,5904.8,5906.7,5906.5,5908.1,5905.8,5907.7
202005131824,5906.3,5907.8,5901.7,5902.1,5907.3,5908.9,5902.7,5903.1
202005131825,5902.1,5903.2,5901.4,5902.1,5903.1,5904.2,5902.4,5903.1
202005131826,5902.1,5904.7,5901.9,5903.2,5903.1,5905.7,5902.9,5904.2
202005131827,5903.2,5904.3,5901.8,5902.8,5904.2,5905.3,5902.8,5903.8
202005131828,5902.8,5903.5,5898.5,5898.6,5903.8,5904.5,5899.5,5899.6
202005131829,5898.6,5899.6,5896.5,5896.7,5899.6,5900.6,5897.5,5897.7
202005131830,5896.7,5896.7,5891.9,5893.2,5897.7,5897.7,5892.9,5894.2
202005131831,5893.2,5899.9,5893.1,5895.8,5894.2,5900.9,5894.1,5896.8
202005131832,5895.8,5896.1,5893.7,5893.7,5896.8,5897.1,5894.7,5894.7
202005131833,5893.7,5898.1,5893.2,5896.9,5894.7,5899.1,5894.2,5897.9
202005131834,5896.9,5900.2,5896.4,5899.6,5897.9,5901.2,5897.4,5900.6
202005131835,5899.6,5902.7,5899.6,5902.4,5900.6,5903.7,5900.6,5903.4
202005131836,5902.4,5906,5902.4,5905.6,5903.4,5907,5903.4,5906.6
202005131837,5905.6,5910.8,5905.1,5910.7,5906.6,5911.8,5906.1,5911.8
202005131838,5910.7,5910.8,5907.9,5908.9,5911.8,5911.8,5908.9,5909.9
202005131839,5908.9,5910.3,5907.9,5909.8,5909.9,5911.3,5908.9,5910.8
202005131840,5909.8,5910.9,5908.7,5908.7,5910.8,5911.9,5909.8,5909.8
202005131841,5908.7,5909.3,5906,5906,5909.8,5910.3,5907,5907
202005131842,5906,5908.1,5905.2,5905.5,5907,5909.1,5906.2,5906.5
202005131843,5905.4,5905.6,5901.9,5901.9,5906.4,5906.6,5902.9,5902.9
202005131844,5901.9,5906.2,5901,5905.8,5902.9,5907.2,5902,5906.8
202005131845,5905.8,5906.1,5902,5902.7,5906.8,5907.1,5903,5904
202005131846,5902.7,5905.6,5902.7,5904.9,5904,5906.6,5903.8,5905.9
202005131847,5904.9,5906.7,5904.8,5906.3,5905.9,5907.7,5905.8,5907.3
202005131848,5906.3,5909.6,5906.2,5908.8,5907.3,5910.6,5907.2,5909.8
202005131849,5908.8,5909.6,5907.6,5908.7,5909.8,5910.6,5908.6,5909.7
202005131850,5908.7,5912.1,5908.7,5911.9,5909.7,5913.1,5909.7,5912.9
202005131851,5911.9,5919.7,5911.9,5919.7,5912.9,5920.7,5912.9,5920.7
202005131852,5919.5,5921,5918.8,5920.9,5920.5,5922,5919.8,5921.9
202005131853,5920.9,5921.9,5919.7,5921.6,5921.9,5922.9,5920.7,5922.6
202005131854,5921.6,5923.5,5919.4,5919.8,5922.6,5924.5,5920.4,5920.8
202005131855,5919.8,5922.6,5919.8,5921.1,5920.8,5923.6,5920.8,5922.1
202005131856,5921.1,5921.7,5919,5919.3,5922.1,5922.7,5920,5920.3
202005131857,5919.1,5919.2,5914.3,5914.3,5920.1,5920.3,5915.3,5915.3
202005131858,5914.3,5914.8,5911.8,5914.8,5915.3,5915.8,5912.8,5915.8
202005131859,5914.7,5914.8,5911.9,5913.7,5915.7,5915.8,5912.9,5914.7
202005131900,5913.8,5913.8,5912.9,5913.3,5914.8,5914.8,5913.9,5914.3
202005131901,5913.3,5919.8,5913.3,5918,5914.3,5920.8,5914.3,5919
202005131902,5918,5919.2,5917.8,5919.2,5919,5920.2,5918.8,5920.2
202005131903,5919.3,5923.7,5918.5,5922.4,5920.3,5924.7,5919.8,5923.4
202005131904,5922.8,5924.2,5921.2,5921.2,5923.8,5925.2,5922.2,5922.2
202005131905,5921.2,5921.3,5917.9,5918.5,5922.2,5922.3,5918.9,5919.8
202005131906,5918.5,5919.8,5918.1,5919.2,5919.8,5920.8,5919.3,5920.2
202005131907,5919.8,5920.8,5918.6,5920.1,5920.8,5921.8,5919.6,5921.1
202005131908,5920.1,5920.8,5918.3,5918.3,5921.1,5921.8,5919.3,5919.3
202005131909,5918.3,5921.3,5918.3,5919.8,5919.3,5922.3,5919.3,5920.8
202005131910,5919.9,5921.3,5919.4,5921.1,5920.9,5922.3,5920.4,5922.1
202005131911,5921.1,5922.1,5920.7,5920.8,5922.1,5923.1,5921.7,5921.8
202005131912,5920.9,5922.1,5920.9,5922.1,5921.9,5923.1,5921.9,5923.1
202005131913,5922.1,5924.7,5921.2,5923.6,5923.1,5925.7,5922.2,5924.6
202005131914,5923.6,5923.8,5920.3,5920.6,5924.6,5924.8,5921.3,5921.6
202005131915,5920.6,5921.8,5919.9,5920,5921.6,5922.8,5920.9,5921
202005131916,5919.6,5920.1,5918.3,5919.6,5920.6,5921.1,5919.3,5920.6
202005131917,5919.6,5921.8,5919.4,5921.2,5920.6,5922.8,5920.4,5922.2
202005131918,5921.2,5921.8,5921,5921.2,5922.2,5922.8,5922,5922.2
202005131919,5921.2,5921.4,5919.9,5920.9,5922.2,5922.4,5920.9,5921.9
202005131920,5920.9,5925.8,5920.9,5925.6,5921.9,5926.8,5921.9,5926.6
202005131921,5925.6,5925.9,5924.6,5925.9,5926.6,5926.9,5925.6,5926.9
202005131922,5925.8,5926.9,5924.5,5925.2,5926.8,5927.9,5925.5,5926.3
202005131923,5925.2,5926.5,5924.3,5926.3,5926.3,5927.5,5925.3,5927.3
202005131924,5926.3,5927,5925.8,5926.4,5927.3,5928.1,5926.8,5927.4
202005131925,5926.4,5927.5,5924.9,5927.4,5927.4,5928.5,5925.9,5928.4
202005131926,5927.4,5928.2,5927.3,5927.9,5928.4,5929.2,5928.3,5928.9
202005131927,5927.7,5928.1,5927.2,5927.6,5928.7,5929.1,5928.2,5928.6
202005131928,5927.6,5927.9,5926.5,5927.9,5928.6,5928.9,5927.5,5928.9
202005131929,5927.9,5929.6,5927.1,5927.3,5928.9,5930.6,5928.1,5928.3
202005131930,5927.3,5927.5,5925.8,5925.8,5928.3,5928.5,5926.8,5926.8
202005131931,5925.8,5926.7,5924.9,5925.3,5926.8,5927.7,5925.9,5926.3
202005131932,5925.2,5925.4,5923.3,5923.8,5926.2,5926.4,5924.3,5924.8
202005131933,5923.8,5923.8,5922.3,5922.8,5924.8,5924.8,5923.3,5923.9
202005131934,5922.8,5923.4,5921.8,5922.7,5923.9,5924.4,5922.8,5923.7
202005131935,5922.7,5923.8,5922,5923.5,5923.7,5924.8,5923,5924.5
202005131936,5923.6,5924.1,5922.8,5922.8,5924.6,5925.1,5923.8,5923.8
202005131937,5922.8,5924,5922.8,5923.4,5923.8,5925,5923.8,5924.4
202005131938,5923.8,5927.3,5923.8,5926.9,5924.8,5928.3,5924.8,5927.9
202005131939,5926.9,5927.4,5925.3,5925.4,5927.9,5928.4,5926.3,5926.4
202005131940,5925.4,5925.9,5924.3,5924.4,5926.4,5926.9,5925.3,5925.4
202005131941,5924.4,5924.4,5920.4,5920.7,5925.4,5925.4,5921.4,5921.7
202005131942,5920.7,5920.7,5916,5916,5921.7,5921.7,5917,5917
202005131943,5916,5916.8,5915.5,5916.7,5917,5917.8,5916.5,5917.7
202005131944,5916.7,5919.6,5915.9,5917.7,5917.7,5920.6,5916.9,5918.7
202005131945,5917.7,5918.3,5916.9,5918.3,5918.7,5919.3,5917.9,5919.3
202005131946,5918.3,5919.2,5917.7,5917.8,5919.3,5920.2,5918.7,5918.8
202005131947,5917.8,5918,5916.2,5917.3,5918.8,5919,5917.2,5918.3
202005131948,5917.3,5920.4,5917.3,5920.3,5918.3,5921.4,5918.3,5921.3
202005131949,5920.3,5920.3,5917.4,5918.6,5921.3,5921.3,5918.4,5919.6
202005131950,5918.6,5922,5918.3,5922,5919.6,5923,5919.3,5923
202005131951,5922,5922.4,5919.5,5920.2,5923,5923.4,5920.5,5921.2
202005131952,5920.2,5923.8,5919.6,5923.3,5921.2,5924.8,5920.6,5924.3
202005131953,5923.3,5924.8,5922.4,5924.3,5924.3,5925.8,5923.4,5925.3
202005131954,5924.3,5924.6,5922.9,5923.3,5925.3,5925.6,5923.9,5924.3
202005131955,5923.3,5926.8,5923.3,5926.1,5924.3,5927.8,5924.3,5927.1
202005131956,5926.1,5927.2,5925.4,5927.1,5927.1,5928.2,5926.4,5928.1
202005131957,5927.1,5927.9,5926,5927.8,5928.1,5928.9,5927,5928.8
202005131958,5927.8,5928.9,5927.6,5928.8,5928.8,5929.9,5928.6,5929.8
202005131959,5928.8,5933.6,5928.8,5933.6,5929.8,5934.6,5929.8,5934.6
202005132000,5933.6,5933.7,5930.7,5930.7,5934.6,5934.7,5931.7,5931.7
202005132001,5930.7,5930.7,5927.9,5928.6,5931.7,5931.7,5928.9,5929.6
202005132002,5928.6,5930.7,5928.1,5929.3,5929.6,5931.7,5929.1,5930.3
202005132003,5929.3,5929.3,5927.5,5927.5,5930.3,5930.3,5928.5,5928.5
202005132004,5927.5,5927.5,5925.2,5927.5,5928.5,5928.5,5926.2,5928.5
202005132005,5927.6,5927.9,5925.9,5926.9,5928.6,5928.9,5926.9,5927.9
202005132006,5926.9,5928.3,5926.7,5926.7,5927.9,5929.3,5927.7,5927.7
202005132007,5926.6,5926.8,5924.9,5925.3,5927.6,5927.8,5925.9,5926.3
202005132008,5925.3,5925.4,5923.3,5923.6,5926.3,5926.4,5924.3,5924.6
202005132009,5923.6,5923.9,5921.5,5923.9,5924.6,5924.9,5922.5,5924.9
202005132010,5923.9,5925.4,5922.7,5922.7,5924.9,5926.4,5923.7,5923.7
202005132011,5922.7,5924.9,5922.5,5924.7,5923.7,5925.9,5923.5,5925.7
202005132012,5924.7,5924.8,5923.8,5923.9,5925.7,5925.8,5924.8,5924.9
202005132013,5923.9,5926.1,5922.8,5925.9,5924.9,5927.1,5923.8,5926.9
202005132014,5925.9,5927.8,5924.5,5927.8,5926.9,5928.9,5925.5,5928.9
202005132015,5927.8,5927.9,5926.1,5926.6,5928.9,5928.9,5927.1,5927.6
202005132016,5926.6,5928.8,5926.6,5927.3,5927.6,5929.8,5927.6,5928.3
202005132017,5927.3,5928.1,5926.6,5927.2,5928.3,5929.1,5927.6,5928.2
202005132018,5927.2,5927.3,5925.8,5926.1,5928.2,5928.3,5926.8,5927.1
202005132019,5926.1,5927.3,5925.1,5925.9,5927.1,5928.3,5926.1,5926.9
202005132020,5925.9,5926.8,5925.2,5925.8,5926.9,5927.8,5926.2,5926.8
202005132021,5925.8,5926.8,5925.6,5926.4,5926.8,5927.8,5926.6,5927.4
202005132022,5926.4,5928.5,5926.3,5927.8,5927.4,5929.5,5927.3,5928.8
202005132023,5927.8,5928.4,5926.3,5927.3,5928.8,5929.4,5927.3,5928.3
202005132024,5927.3,5927.7,5925.5,5925.5,5928.3,5928.7,5926.5,5926.5
202005132025,5925.5,5927.3,5925.4,5927.2,5926.5,5928.3,5926.4,5928.2
202005132026,5927.2,5927.8,5926.7,5926.8,5928.2,5928.8,5927.7,5927.8
202005132027,5927,5929.9,5927,5929.8,5928,5930.9,5928,5930.8
202005132028,5929.8,5930.1,5928.5,5928.8,5930.8,5931.1,5929.5,5929.8
202005132029,5928.8,5928.8,5928,5928.3,5929.8,5929.8,5929,5929.3
202005132030,5928.3,5929.8,5928.1,5929.4,5929.3,5930.8,5929.1,5930.4
202005132031,5929.4,5930.3,5929.4,5929.7,5930.4,5931.3,5930.4,5930.7
202005132032,5929.7,5930.3,5927.1,5928.2,5930.7,5931.3,5928.1,5929.2
202005132033,5928.2,5929.2,5928.1,5928.9,5929.2,5930.2,5929.1,5929.9
202005132034,5928.9,5931.2,5928.9,5930.9,5929.9,5932.2,5929.9,5931.9
202005132035,5930.9,5931.7,5929.7,5929.7,5931.9,5932.7,5930.7,5930.7
202005132036,5929.7,5930.3,5925.8,5926.8,5930.7,5931.3,5926.8,5927.8
202005132037,5926.8,5927.4,5924.6,5924.6,5927.8,5928.4,5925.6,5925.6
202005132038,5924.6,5924.9,5924,5924.3,5925.6,5925.9,5925,5925.3
202005132039,5924.3,5927,5924.3,5926.4,5925.3,5928,5925.3,5927.4
202005132040,5926.4,5926.6,5924,5924.6,5927.4,5927.6,5925,5925.6
202005132041,5924.6,5926.3,5924.4,5926,5925.6,5927.3,5925.4,5927
202005132042,5926,5926.9,5925.8,5926.9,5927,5928,5926.8,5927.9
202005132043,5926.9,5927.3,5925.9,5926.2,5927.9,5928.3,5926.9,5927.2
202005132044,5926.2,5926.7,5925.6,5925.9,5927.2,5927.7,5926.6,5926.9
202005132045,5925.9,5928.1,5925.9,5928,5926.9,5929.1,5926.9,5929
202005132046,5928,5932.2,5927.9,5932.2,5929,5933.2,5928.9,5933.2
202005132047,5932.2,5934.6,5932.2,5932.8,5933.2,5935.6,5933.2,5933.8
202005132048,5932.8,5933.3,5931.1,5931.1,5933.8,5934.3,5932.1,5932.1
202005132049,5931.1,5932.3,5929.8,5931.9,5932.1,5933.3,5930.8,5932.9
202005132050,5931.9,5933.9,5931.8,5933,5932.9,5934.9,5932.8,5934
202005132051,5933,5934.1,5933,5933.8,5934,5935.1,5934,5934.8
202005132052,5933.7,5933.7,5931.1,5932.1,5934.7,5934.7,5932.1,5933.1
202005132053,5932.1,5932.7,5929.9,5929.9,5933.1,5933.7,5930.9,5930.9
202005132054,5929.9,5931.6,5928.5,5929.3,5930.9,5932.6,5929.5,5930.3
202005132055,5929.3,5930.9,5928.4,5930.6,5930.3,5931.9,5929.4,5931.7
202005132056,5930.6,5932.7,5930.4,5932.7,5931.7,5933.7,5931.4,5933.7
202005132057,5932.7,5934.8,5932.7,5933.6,5933.7,5935.8,5933.7,5934.6
202005132058,5933.7,5934.1,5931.9,5933.6,5934.7,5935.1,5932.9,5934.6
202005132059,5933.6,5934.4,5932.3,5934.2,5934.6,5935.4,5933.3,5935.2
202005132100,5934.2,5936.2,5933.6,5935.3,5935.2,5937.2,5934.6,5936.3
202005132101,5935.3,5936.7,5935.3,5936.1,5936.3,5937.7,5936.3,5937.1
202005132102,5936.1,5936.4,5934.5,5934.5,5937.1,5937.4,5935.5,5935.5
202005132103,5934.5,5934.6,5932.5,5932.8,5935.5,5935.6,5933.5,5933.8
202005132104,5932.8,5934.9,5930.1,5930.2,5933.8,5935.9,5931.1,5931.2
202005132105,5930.2,5931.6,5929.5,5931.3,5931.2,5932.6,5930.5,5932.3
202005132106,5931.3,5932.7,5930.6,5930.7,5932.3,5933.7,5931.6,5931.7
202005132107,5930.7,5931.6,5929.9,5930.1,5931.7,5932.6,5930.9,5931.1
202005132108,5930.4,5931.1,5930.3,5931.1,5931.4,5932.1,5931.3,5932.1
202005132109,5931.1,5931.1,5927.2,5927.7,5932.1,5932.1,5928.2,5928.7
202005132110,5927.7,5929.6,5927.3,5928.2,5928.7,5930.6,5928.3,5929.2
202005132111,5928.2,5931.4,5927.7,5931.4,5929.2,5932.4,5928.7,5932.4
202005132112,5931.4,5932.4,5930.9,5931.3,5932.4,5933.4,5931.9,5932.3
202005132113,5931.3,5932.9,5931,5932.4,5932.3,5933.9,5932,5933.4
202005132114,5932.4,5933.1,5931.8,5931.8,5933.4,5934.1,5932.8,5932.8
202005132115,5931.8,5933.1,5931.7,5932.6,5932.8,5934.1,5932.7,5933.6
202005132116,5932.9,5934.9,5932.5,5933.9,5933.9,5935.9,5933.5,5934.9
202005132117,5933.9,5933.9,5931.4,5931.9,5934.9,5934.9,5932.4,5932.9
202005132118,5931.9,5934,5931.7,5934,5932.9,5935,5932.7,5935
202005132119,5934,5934.9,5933.3,5934.6,5935,5935.9,5934.3,5935.6
202005132120,5934.6,5934.6,5933.4,5933.8,5935.6,5935.6,5934.4,5934.8
202005132121,5933.9,5934,5932.9,5933.2,5934.9,5935,5933.9,5934.2
202005132122,5933.2,5934.4,5932.9,5932.9,5934.2,5935.4,5933.9,5933.9
202005132123,5932.9,5934.9,5932.9,5934.7,5933.9,5935.9,5933.9,5935.7
202005132124,5934.7,5935.2,5934,5934.9,5935.7,5936.2,5935,5935.9
202005132125,5934.8,5935.3,5933.9,5933.9,5935.8,5936.3,5934.9,5934.9
202005132126,5933.9,5934.1,5931.3,5932.2,5934.9,5935.1,5932.3,5933.2
202005132127,5932.2,5932.5,5931,5931,5933.2,5933.5,5932,5932
202005132128,5931,5931.2,5930.1,5930.3,5932,5932.2,5931.1,5931.3
202005132129,5930.3,5930.3,5927.6,5928.2,5931.3,5931.3,5928.6,5929.2
202005132130,5928.2,5929.8,5926.1,5929.7,5929.2,5930.8,5927.1,5930.7
202005132131,5929.7,5930.2,5925.1,5926.1,5930.7,5931.2,5926.1,5927.1
202005132132,5926.1,5926.1,5923.4,5923.5,5927.1,5927.1,5924.4,5924.5
202005132133,5923.6,5923.6,5922.4,5922.6,5924.6,5924.6,5923.4,5923.6
202005132134,5922.6,5923.1,5921.4,5921.5,5923.6,5924.1,5922.4,5922.5
202005132135,5921.5,5921.8,5919.3,5919.8,5922.5,5922.8,5920.3,5920.8
202005132136,5919.8,5919.8,5917.9,5918.3,5920.8,5920.8,5918.9,5919.3
202005132137,5918.3,5919.1,5916.3,5917.9,5919.3,5920.1,5917.3,5918.9
202005132138,5917.9,5918.3,5917.3,5918.3,5918.9,5919.3,5918.3,5919.3
202005132139,5918.3,5919.8,5918.3,5919.7,5919.3,5920.8,5919.3,5920.7
202005132140,5919.7,5923.1,5919.6,5922.1,5920.7,5924.1,5920.6,5923.1
202005132141,5922.4,5922.7,5921,5921.6,5923.4,5923.7,5922,5922.6
202005132142,5921.6,5923.6,5921.5,5922.4,5922.6,5924.6,5922.5,5923.4
202005132143,5922.4,5922.7,5921.7,5922.3,5923.4,5923.7,5922.7,5923.3
202005132144,5922.3,5922.4,5921.5,5921.7,5923.3,5923.4,5922.5,5922.7
202005132145,5921.7,5922.6,5921.4,5921.7,5922.7,5923.6,5922.4,5922.7
202005132146,5921.8,5925.9,5921.8,5925,5922.8,5926.9,5922.8,5926
202005132147,5925,5925.2,5923.8,5924.8,5926,5926.2,5924.8,5925.8
202005132148,5924.8,5925.4,5921.6,5921.9,5925.8,5926.4,5922.6,5922.9
202005132149,5921.8,5922.8,5921.5,5922,5922.8,5923.8,5922.5,5923
202005132150,5922,5924.4,5921.8,5923.3,5923,5925.4,5922.8,5924.3
202005132151,5923.3,5924.3,5921.7,5921.9,5924.3,5925.3,5922.7,5922.9
202005132152,5921.9,5925.5,5921.9,5924.3,5922.9,5926.5,5922.9,5925.3
202005132153,5924.3,5925.1,5923.7,5924.5,5925.3,5926.1,5924.7,5925.5
202005132154,5924.5,5924.6,5923.2,5923.6,5925.5,5925.6,5924.2,5924.6
202005132155,5923.6,5925.1,5923.4,5924.2,5924.6,5926.1,5924.4,5925.2
202005132156,5924.3,5926.3,5923.8,5926.2,5925.3,5927.3,5924.8,5927.2
202005132157,5926.2,5927.3,5925.5,5927.3,5927.2,5928.3,5926.5,5928.3
202005132158,5927.3,5927.3,5924.6,5925.1,5928.3,5928.3,5925.6,5926.1
202005132159,5925.1,5925.6,5923.7,5925.3,5926.1,5926.6,5924.7,5926.3
202005132200,5925.3,5925.4,5919.8,5924.3,5926.3,5926.4,5920.8,5925.3
202005132201,5924.3,5924.3,5915.9,5917.5,5925.3,5925.3,5916.9,5918.5
202005132202,5917.5,5918.8,5915.6,5916.1,5918.5,5919.8,5916.6,5917.1
202005132203,5916.1,5917.1,5913.9,5917,5917.1,5918.1,5914.9,5918
202005132204,5917,5917.2,5910.6,5910.6,5918,5918.2,5911.6,5911.6
202005132205,5910.6,5913.6,5908.4,5913.3,5911.6,5914.6,5909.4,5914.3
202005132206,5913.3,5914.9,5912.2,5914.3,5914.3,5915.9,5913.2,5915.3
202005132207,5914.3,5916.6,5913.7,5916.1,5915.3,5917.6,5914.7,5917.1
202005132208,5916.6,5918.3,5911.4,5911.9,5917.6,5919.3,5912.4,5912.9
202005132209,5911.1,5911.1,5905.8,5908.8,5912.1,5912.1,5906.8,5909.8
202005132210,5908.8,5911.8,5907.9,5909.5,5909.8,5912.8,5908.9,5910.5
202005132211,5909.5,5910.9,5907.1,5910.7,5910.5,5911.9,5908.1,5911.7
202005132212,5910.7,5913.1,5909.9,5912.3,5911.7,5914.1,5910.9,5913.3
202005132213,5912.3,5916.5,5912.1,5916.5,5913.3,5917.5,5913.1,5917.5
202005132214,5916.5,5919.4,5915.6,5918.1,5917.5,5920.4,5916.6,5919.1
202005132215,5918.1,5922.3,5918.1,5920.8,5919.1,5923.3,5919.1,5921.8
202005132216,5920.8,5921.6,5919.5,5920.4,5921.8,5922.6,5920.5,5921.4
202005132217,5920.4,5922.8,5918.7,5922.1,5921.4,5923.8,5919.7,5923.1
202005132218,5922.1,5922.4,5919.2,5919.6,5923.1,5923.4,5920.2,5920.6
202005132219,5919.4,5921.2,5918.8,5919.3,5920.4,5922.2,5919.8,5920.3
202005132220,5919.3,5922.7,5917.9,5921.8,5920.3,5923.7,5918.9,5922.8
202005132221,5921.8,5923.8,5919.6,5921.7,5922.8,5924.8,5920.6,5922.7
202005132222,5921.7,5921.7,5918.9,5920.2,5922.7,5922.7,5919.9,5921.2
202005132223,5920.2,5920.2,5917.8,5918.9,5921.2,5921.2,5918.8,5919.9
202005132224,5919,5920.7,5918.4,5919.5,5920,5921.7,5919.4,5920.5
202005132225,5919.5,5920.6,5918.7,5919.1,5920.5,5921.6,5919.7,5920.1
202005132226,5919.1,5919.6,5917.2,5918.8,5920.1,5920.6,5918.2,5919.8
202005132227,5918.8,5921.1,5918.7,5920.4,5919.8,5922.1,5919.7,5921.4
202005132228,5920.4,5924,5919.9,5923.8,5921.4,5925,5920.9,5924.8
202005132229,5923.8,5923.8,5920.2,5921.4,5924.8,5924.8,5921.2,5922.4
202005132230,5921.4,5923.9,5916.9,5918.9,5922.4,5924.9,5917.9,5919.9
202005132231,5918.9,5920.1,5913.9,5916.8,5919.9,5921.1,5914.9,5917.8
202005132232,5916.8,5920.6,5914.9,5915.6,5917.8,5921.6,5915.9,5916.6
202005132233,5915.2,5915.2,5905.6,5905.6,5916.2,5916.2,5906.6,5906.6
202005132234,5905.6,5908.3,5901.1,5903.4,5906.6,5909.3,5902.1,5904.4
202005132235,5903.4,5903.4,5895.4,5896.6,5904.4,5904.4,5896.4,5897.6
202005132236,5896.2,5897.6,5889,5892.9,5897.2,5898.6,5890,5893.9
202005132237,5892.9,5895.6,5889.3,5894.3,5893.9,5896.6,5890.3,5895.3
202005132238,5894.3,5897.3,5894,5896.9,5895.3,5898.3,5895,5897.9
202005132239,5896.7,5900.3,5895.8,5900.3,5897.7,5901.3,5896.8,5901.3
202005132240,5900.3,5901.3,5896.6,5897,5901.3,5902.3,5897.6,5898
202005132241,5897,5898.6,5892.9,5897.6,5898,5899.6,5893.9,5898.6
202005132242,5897.6,5897.6,5892.2,5894.8,5898.6,5898.6,5893.2,5895.8
202005132243,5894.8,5900.4,5894.8,5898.7,5895.8,5901.4,5895.8,5899.7
202005132244,5898.7,5901.4,5898.4,5898.6,5899.7,5902.4,5899.4,5899.6
202005132245,5897.6,5903.2,5894.4,5903.1,5898.6,5904.3,5895.4,5904.1
202005132246,5903.1,5906.8,5902.1,5905.7,5904.1,5907.8,5903.1,5906.8
202005132247,5905.7,5908.6,5904.8,5906.2,5906.8,5909.6,5905.8,5907.2
202005132248,5906.4,5907.4,5904.4,5906.6,5907.4,5908.4,5905.4,5907.6
202005132249,5906.7,5906.7,5902.1,5903.3,5907.7,5907.7,5903.1,5904.3
202005132250,5903.3,5909.4,5901.9,5903.8,5904.3,5910.4,5902.9,5904.8
202005132251,5903.8,5907.1,5903,5904.8,5904.8,5908.1,5904,5905.8
202005132252,5904.7,5905.8,5903.6,5904.1,5905.7,5906.8,5904.6,5905.1
202005132253,5904.1,5905.2,5901.9,5901.9,5905.1,5906.2,5902.9,5902.9
202005132254,5901.8,5906.3,5901.8,5905.8,5902.8,5907.3,5902.8,5906.8
202005132255,5905.8,5908.5,5902.6,5902.6,5906.8,5909.5,5903.6,5903.6
202005132256,5902.6,5902.8,5896.9,5897.4,5903.6,5903.8,5897.9,5898.4
202005132257,5897.6,5905.1,5897.2,5904.2,5898.6,5906.1,5898.2,5905.2
202005132258,5904.2,5908.6,5904.2,5907.6,5905.2,5909.6,5905.2,5908.6
202005132259,5907.6,5907.6,5903.6,5904.7,5908.6,5908.6,5904.6,5905.7
202005132300,5903.8,5908,5903.3,5906.6,5904.8,5909,5904.3,5907.6
202005132301,5906.7,5914.9,5906.7,5914.1,5907.7,5915.9,5907.7,5915.1
202005132302,5914.1,5917.9,5914.1,5916.4,5915.1,5918.9,5915.1,5917.4
202005132303,5916.4,5918.6,5913.3,5914.9,5917.4,5919.6,5914.3,5915.9
202005132304,5914.9,5917.9,5914.1,5916.4,5915.9,5918.9,5915.1,5917.4
202005132305,5916.4,5922.6,5916.4,5921.6,5917.4,5923.6,5917.4,5922.9
202005132306,5922.1,5923.7,5919.8,5921.9,5923.1,5924.7,5920.8,5922.9
202005132307,5921.9,5921.9,5917.3,5918.1,5922.9,5922.9,5918.3,5919.1
202005132308,5918.1,5920.1,5916.2,5919.4,5919.1,5921.1,5917.2,5920.4
202005132309,5919.4,5920.4,5914.6,5917.6,5920.4,5921.4,5915.6,5918.6
202005132310,5917.6,5919.8,5916.4,5919.8,5918.6,5920.8,5917.4,5920.8
202005132311,5919.8,5922.1,5916.7,5920.9,5920.8,5923.1,5917.7,5921.9
202005132312,5920.9,5921.6,5917.7,5918.1,5921.9,5922.6,5918.7,5919.1
202005132313,5918.1,5922,5916.9,5920,5919.1,5923,5917.9,5921
202005132314,5920,5921,5918.2,5919.2,5921,5922,5919.2,5920.2
202005132315,5918.8,5920.8,5915.8,5918.1,5919.8,5921.8,5916.8,5919.1
202005132316,5918.1,5921.2,5917.2,5918.2,5919.1,5922.2,5918.2,5919.2
202005132317,5918.2,5921.5,5916.4,5920.1,5919.2,5922.5,5917.4,5921.1
202005132318,5920.1,5921.9,5916.8,5916.9,5921.1,5922.9,5917.8,5917.9
202005132319,5916.9,5918.6,5915.3,5917.2,5917.9,5919.6,5916.3,5918.2
202005132320,5917.2,5917.2,5913.4,5913.4,5918.2,5918.2,5914.4,5914.4
202005132321,5913.4,5917.1,5912.8,5913.1,5914.4,5918.1,5913.8,5914.1
202005132322,5913.1,5913.1,5909.8,5910.8,5914.1,5914.1,5910.8,5911.8
202005132323,5910.8,5912.7,5909.8,5910.3,5911.8,5913.7,5910.8,5911.3
202005132324,5910.5,5911,5908.8,5910.1,5911.5,5912,5909.8,5911.1
202005132325,5910.1,5913.1,5908.4,5909.4,5911.1,5914.1,5909.4,5910.4
202005132326,5909.4,5911.2,5908.4,5909.2,5910.4,5912.2,5909.4,5910.2
202005132327,5909.6,5916.5,5909.6,5915.1,5910.6,5917.5,5910.6,5916.1
202005132328,5915.4,5920.9,5915.4,5920,5916.4,5921.9,5916.4,5921
202005132329,5920,5920.7,5917.8,5919.8,5921,5921.7,5918.8,5920.8
202005132330,5919.8,5925.1,5917.8,5924.8,5920.8,5926.1,5918.8,5925.8
202005132331,5924.8,5931.2,5924.8,5931.2,5925.8,5932.2,5925.8,5932.2
202005132332,5931.4,5933.5,5930.4,5932.3,5932.4,5934.5,5931.4,5933.3
202005132333,5932.2,5932.6,5927.8,5927.8,5933.2,5933.6,5928.8,5928.8
202005132334,5927.8,5928.3,5925.9,5926.3,5928.8,5929.3,5926.9,5927.3
202005132335,5926.3,5928.9,5925.1,5926.8,5927.3,5929.9,5926.1,5927.8
202005132336,5926.8,5929.7,5926.4,5928.5,5927.8,5930.7,5927.4,5929.5
202005132337,5928.5,5928.5,5921.1,5921.1,5929.5,5929.5,5922.1,5922.1
202005132338,5921.1,5923.7,5918.4,5921.6,5922.1,5924.7,5919.4,5922.6
202005132339,5921.6,5928.2,5920.4,5927.9,5922.6,5929.2,5921.4,5928.9
202005132340,5927.9,5930.7,5922.8,5923.4,5928.9,5931.7,5923.8,5924.4
202005132341,5923.4,5923.4,5917.3,5917.3,5924.4,5924.4,5918.3,5918.3
202005132342,5917,5919.3,5916.8,5917.7,5918.3,5920.3,5917.8,5918.7
202005132343,5917.7,5918.1,5914.2,5915.8,5918.7,5919.1,5915.2,5916.8
202005132344,5915.8,5916.6,5913.9,5916.4,5916.8,5917.6,5914.9,5917.4
202005132345,5916.3,5917.2,5914.5,5917.1,5917.3,5918.2,5915.5,5918.1
202005132346,5917.1,5918.3,5915.9,5916.4,5918.1,5919.3,5916.9,5917.4
202005132347,5916.4,5919.1,5913.4,5913.8,5917.4,5920.1,5914.4,5914.8
202005132348,5913.8,5917.7,5913.7,5914.7,5914.8,5918.7,5914.7,5915.7
202005132349,5914.9,5915.8,5911.1,5911.3,5915.9,5916.8,5912.1,5912.3
202005132350,5911.3,5914.3,5909.8,5914.1,5912.3,5915.3,5910.8,5915.1
202005132351,5914,5919.1,5912.2,5912.2,5915,5920.1,5913.2,5913.2
202005132352,5912.2,5913.3,5909.7,5912.1,5913.2,5914.3,5910.7,5913.1
202005132353,5912.1,5914.1,5911.4,5911.4,5913.1,5915.1,5912.4,5912.4
202005132354,5911.4,5913.6,5909.3,5912.4,5912.4,5914.6,5910.3,5913.4
202005132355,5912.4,5912.5,5909,5909.9,5913.4,5913.5,5910,5910.9
202005132356,5909.9,5911.6,5908.1,5911.6,5910.9,5912.6,5909.1,5912.6
202005132357,5911.6,5912,5905.4,5908.9,5912.6,5913,5906.4,5909.9
202005132358,5908.9,5909.4,5902.9,5904.3,5909.9,5910.4,5903.9,5905.3
202005132359,5904.3,5904.7,5901.6,5903.2,5905.3,5905.7,5902.6,5904.2
202005140000,5903.2,5907.4,5903.2,5903.2,5904.2,5908.4,5904.2,5904.2
202005140001,5903.2,5903.4,5900.1,5902.4,5904.2,5904.4,5901.1,5903.4
202005140002,5902.4,5905.2,5901.4,5904.9,5903.4,5906.2,5902.4,5905.9
202005140003,5904.9,5905.3,5899.8,5905.3,5905.9,5906.3,5900.8,5906.3
202005140004,5905.3,5905.6,5902.6,5905.3,5906.3,5906.6,5903.6,5906.3
202005140005,5905.3,5905.3,5901,5903.7,5906.3,5906.3,5902,5904.7
202005140006,5903.7,5910.3,5901.8,5909.6,5904.7,5911.3,5902.8,5910.6
202005140007,5909.9,5913.2,5909.1,5909.1,5910.9,5914.2,5910.1,5910.1
202005140008,5909.1,5910.1,5907.2,5907.5,5910.1,5911.1,5908.2,5908.5
202005140009,5907.5,5908.3,5901.8,5902.5,5908.5,5909.3,5902.8,5903.5
202005140010,5902.6,5906.2,5902.4,5905,5903.6,5907.2,5903.4,5906
202005140011,5905,5907.7,5904.3,5906.6,5906,5908.7,5905.3,5907.6
202005140012,5906.6,5909.8,5904,5904.8,5907.6,5910.8,5905,5905.8
202005140013,5904.8,5908.4,5904.8,5906.8,5905.8,5909.4,5905.8,5907.8
202005140014,5906.8,5910.7,5902.9,5910.3,5907.8,5911.7,5903.9,5911.3
202005140015,5910.3,5912.3,5908.6,5912.2,5911.3,5913.3,5909.6,5913.2
202005140016,5912.2,5912.2,5904.9,5905.7,5913.2,5913.2,5905.9,5906.7
202005140017,5905.7,5910.1,5905.7,5909.4,5906.7,5911.1,5906.7,5910.4
202005140018,5909.4,5909.4,5901.5,5902.5,5910.4,5910.4,5902.5,5903.5
202005140019,5902.5,5902.5,5896.6,5896.6,5903.5,5903.5,5897.6,5897.6
202005140020,5896.6,5896.8,5892.8,5892.9,5897.6,5897.8,5893.8,5893.9
202005140021,5892.9,5892.9,5889.3,5889.6,5893.9,5893.9,5890.3,5890.6
202005140022,5889.6,5889.7,5882.2,5883.2,5890.6,5890.7,5883.2,5884.2
202005140023,5883.2,5887,5882.6,5883.3,5884.2,5888,5883.6,5884.3
202005140024,5883.3,5885.3,5882.4,5883.1,5884.3,5886.3,5883.4,5884.1
202005140025,5883.1,5883.1,5876.4,5880.1,5884.1,5884.1,5877.4,5881.1
202005140026,5880.1,5881,5877.8,5880.8,5881.1,5882,5878.8,5881.8
202005140027,5880.8,5882.7,5877.9,5878.7,5881.8,5883.7,5878.9,5879.7
202005140028,5878.6,5882.1,5878.4,5882.1,5879.6,5883.1,5879.4,5883.1
202005140029,5882.1,5885.2,5880.1,5883.3,5883.1,5886.2,5881.1,5884.3
202005140030,5883.3,5884.8,5878.5,5884,5884.3,5885.8,5879.5,5885
202005140031,5884.2,5884.4,5879.3,5882.2,5885.2,5885.4,5880.3,5883.2
202005140032,5882.2,5884.2,5876.8,5877.4,5883.2,5885.2,5877.8,5878.4
202005140033,5877.4,5881.7,5871.5,5877.8,5878.4,5882.7,5872.5,5878.8
202005140034,5877.8,5884.6,5876,5884.2,5878.8,5885.6,5877,5885.2
202005140035,5884.2,5889.1,5882.6,5887.4,5885.2,5890.1,5883.6,5888.4
202005140036,5887.4,5887.4,5877.2,5880.5,5888.4,5888.4,5878.2,5881.5
202005140037,5880.4,5882.6,5875.9,5876.2,5881.4,5883.6,5876.9,5877.2
202005140038,5876.2,5879.7,5874.9,5877.6,5877.2,5880.7,5875.9,5878.6
202005140039,5877.6,5878.9,5873.2,5878.9,5878.6,5879.9,5874.2,5879.9
202005140040,5878.7,5879.2,5874.3,5874.6,5879.8,5880.2,5875.3,5875.6
202005140041,5874.6,5876,5869.3,5873.4,5875.6,5877,5870.3,5874.4
202005140042,5873.4,5876.1,5869.8,5869.9,5874.4,5877.1,5870.8,5870.9
202005140043,5869.8,5870.7,5867.4,5867.8,5870.8,5871.7,5868.4,5868.8
202005140044,5867.8,5868.3,5865.6,5867.1,5868.8,5869.3,5866.6,5868.1
202005140045,5867.1,5867.1,5861.7,5861.7,5868.1,5868.1,5862.7,5862.8
202005140046,5861.7,5862.9,5860.8,5860.9,5862.8,5863.9,5861.8,5861.9
202005140047,5860.9,5862.7,5858.4,5858.8,5861.9,5863.7,5859.4,5859.8
202005140048,5858.8,5860,5856.5,5856.8,5859.8,5861,5857.5,5857.8
202005140049,5856.8,5857.1,5853.2,5854.3,5857.8,5858.1,5854.3,5855.3
202005140050,5854.3,5856.2,5853.4,5856.2,5855.3,5857.2,5854.4,5857.2
202005140051,5856.2,5859.8,5856.1,5859.3,5857.2,5860.8,5857.1,5860.3
202005140052,5859.2,5859.7,5857.9,5858.9,5860.2,5860.7,5858.9,5859.9
202005140053,5858.9,5858.9,5852.1,5852.1,5859.9,5859.9,5853.1,5853.1
202005140054,5852.1,5853.8,5850.8,5851,5853.1,5854.8,5851.8,5852.3
202005140055,5851,5851,5842.3,5843.3,5852.3,5852.3,5843.3,5844.3
202005140056,5843.3,5846.8,5843.3,5845.7,5844.3,5847.8,5844.3,5846.8
202005140057,5845.7,5850.8,5845.7,5850,5846.8,5852.1,5846.8,5851
202005140058,5850.1,5851.2,5847.3,5847.9,5851.1,5852.2,5848.4,5848.9
202005140059,5847.8,5853.3,5846.6,5851.8,5848.8,5854.3,5847.7,5852.8
202005140100,5851.7,5853.3,5849.8,5852.6,5852.7,5854.3,5850.8,5853.6
202005140101,5852.6,5854.7,5851,5852.8,5853.6,5856,5852,5853.8
202005140102,5852.8,5858.5,5852.8,5858.2,5853.8,5859.5,5853.8,5859.2
202005140103,5858.2,5858.3,5852.4,5852.6,5859.2,5859.4,5853.4,5853.6
202005140104,5852.6,5852.6,5846.3,5846.3,5853.6,5853.6,5847.3,5847.3
202005140105,5846.3,5847.8,5843.8,5846.3,5847.3,5848.8,5844.9,5847.4
202005140106,5846.3,5847.5,5844,5844.8,5847.4,5848.8,5845,5845.8
202005140107,5845.2,5845.2,5839.8,5840.7,5846.2,5846.2,5840.9,5841.7
202005140108,5840.7,5844.5,5838.2,5840.8,5841.7,5845.8,5839.2,5841.8
202005140109,5840.8,5842.9,5837.9,5837.9,5841.8,5843.9,5838.9,5838.9
202005140110,5837.9,5841.8,5837.6,5839.3,5838.9,5842.8,5838.7,5840.3
202005140111,5839.3,5840.8,5836.7,5837.5,5840.3,5841.8,5837.7,5838.5
202005140112,5837.5,5840.3,5835.3,5836.3,5838.5,5841.3,5836.3,5837.3
202005140113,5836.1,5839.2,5835.1,5839.2,5837.4,5840.5,5836.4,5840.5
202005140114,5839.2,5840.8,5835.1,5837.1,5840.5,5841.8,5836.1,5838.1
202005140115,5837.1,5837.1,5833.7,5834.5,5838.1,5838.1,5834.7,5835.9
202005140116,5834.5,5837.6,5832.9,5837,5835.8,5838.9,5834.3,5838.3
202005140117,5837,5838.6,5827.8,5827.8,5838.3,5839.9,5828.9,5828.9
202005140118,5827.8,5829.3,5824.6,5824.6,5828.9,5830.3,5825.6,5825.6
202005140119,5824.6,5826.2,5822.2,5824.5,5825.6,5827.2,5823.3,5826
202005140120,5824.5,5832.6,5824.1,5831.8,5826,5833.9,5825.6,5832.8
202005140121,5831.8,5836.2,5831.4,5835.3,5832.8,5837.3,5832.4,5836.3
202005140122,5835.3,5839.3,5832.3,5839.3,5836.3,5840.3,5833.3,5840.3
202005140123,5839.3,5840.8,5837.1,5839.8,5840.3,5841.9,5838.1,5840.8
202005140124,5839.8,5840.2,5833.7,5834.1,5840.8,5841.2,5834.7,5835.2
202005140125,5834.1,5838.1,5830.8,5835.8,5835.6,5839.5,5831.8,5836.8
202005140126,5835.8,5840.4,5835,5840,5836.8,5841.4,5836,5841
202005140127,5840.1,5840.8,5837.4,5839.7,5841.1,5841.8,5838.8,5841
202005140128,5839.7,5841.8,5838.3,5841.6,5841,5842.8,5839.3,5842.6
202005140129,5841.6,5842.7,5840.5,5841.8,5842.6,5843.9,5841.5,5842.8
202005140130,5841.8,5846.7,5841.8,5844.5,5842.8,5847.8,5842.8,5845.5
202005140131,5844.5,5846.6,5843.6,5844.5,5845.5,5847.9,5844.9,5845.5
202005140132,5844.5,5845.1,5839.3,5839.3,5845.5,5846.6,5840.6,5840.6
202005140133,5839.3,5845.1,5838.7,5843.7,5840.6,5846.2,5839.7,5845
202005140134,5843.7,5846.3,5843.7,5845.1,5845,5847.6,5844.9,5846.1
202005140135,5845.1,5845.1,5839,5840,5846.1,5846.2,5840.4,5841.5
202005140136,5840,5845.1,5840,5844.4,5841.5,5846.6,5841.3,5845.7
202005140137,5844.4,5847.5,5844,5846.2,5845.7,5848.8,5845.5,5847.3
202005140138,5846.2,5846.3,5843.6,5844,5847.3,5847.4,5844.8,5845
202005140139,5844,5846.7,5843.3,5846.5,5845,5847.7,5844.4,5847.5
202005140140,5846.5,5846.5,5841.6,5842,5847.5,5847.5,5842.6,5843
202005140141,5842,5845.8,5842,5842.1,5843,5846.8,5843,5843.4
202005140142,5842.1,5843.1,5839.8,5839.8,5843.4,5844.2,5840.8,5840.8
202005140143,5839.8,5842.3,5839.4,5840.1,5840.8,5843.3,5840.4,5841.1
202005140144,5840.1,5842.1,5838.9,5840,5841.1,5843.2,5839.9,5841
202005140145,5840,5845.9,5840,5843.1,5841,5846.9,5841,5844.2
202005140146,5843.1,5843.5,5839.1,5841.3,5844.2,5844.5,5840.3,5842.4
202005140147,5841.3,5847.8,5841.1,5844.4,5842.4,5848.8,5842.3,5845.4
202005140148,5844.4,5848,5844.1,5847.2,5845.4,5849,5845.1,5848.3
202005140149,5847.2,5850.4,5846.1,5849.7,5848.3,5851.4,5847.1,5850.7
202005140150,5849.7,5852.9,5849.7,5851.1,5850.7,5853.9,5850.7,5852.1
202005140151,5851.1,5851.1,5847.5,5849.3,5852.1,5852.1,5848.5,5850.4
202005140152,5849.3,5850.4,5846.6,5847.3,5850.4,5851.4,5847.7,5848.3
202005140153,5847.3,5847.6,5843.9,5845,5848.3,5848.6,5845.1,5846.5
202005140154,5845,5848.6,5844.9,5848,5846.5,5849.9,5845.9,5849.5
202005140155,5848,5850.6,5847.2,5847.7,5849.5,5851.6,5848.2,5848.8
202005140156,5847.7,5848.8,5845.6,5845.6,5848.8,5850,5846.6,5846.6
202005140157,5845.6,5846.8,5844.1,5844.4,5846.6,5847.8,5845.4,5845.4
202005140158,5844.4,5846.3,5844.4,5846.3,5845.4,5847.6,5845.4,5847.3
202005140159,5846.1,5849.8,5846.1,5846.9,5847.1,5850.9,5847.1,5848.4
202005140200,5846.9,5849.1,5844.3,5844.8,5848.4,5850.1,5845.8,5845.8
202005140201,5844.8,5845.9,5843.8,5844.9,5845.8,5847.5,5844.8,5846.4
202005140202,5844.9,5846.8,5844.4,5844.8,5846.4,5847.8,5845.4,5845.8
202005140203,5844.8,5845.1,5841.3,5841.4,5845.8,5846.6,5842.3,5842.4
202005140204,5841.4,5842.3,5838,5838.2,5842.4,5843.4,5839,5839.2
202005140205,5838.2,5839.3,5834.3,5834.3,5839.2,5840.4,5835.3,5835.3
202005140206,5834.3,5835.5,5831.3,5831.6,5835.3,5836.5,5832.3,5832.6
202005140207,5831.6,5833.4,5831.1,5833.3,5832.6,5834.4,5832.4,5834.3
202005140208,5833.4,5834.2,5831.8,5832.3,5834.4,5835.4,5832.8,5833.3
202005140209,5832.3,5835.6,5832.1,5835.6,5833.3,5836.6,5833.2,5836.6
202005140210,5835.7,5842,5835.5,5841.4,5836.7,5843.3,5836.7,5842.4
202005140211,5841.4,5848,5841.4,5848,5842.4,5849.3,5842.4,5849.3
202005140212,5847.9,5850.5,5846.2,5846.2,5849.2,5851.8,5847.2,5847.2
202005140213,5846.2,5847.3,5845,5846,5847.2,5848.3,5846.3,5847.3
202005140214,5846,5849.3,5846,5848.1,5847.3,5850.6,5847.3,5849.1
202005140215,5848.1,5848.8,5844,5844.9,5849.1,5849.8,5845.3,5846.2
202005140216,5844.5,5851.1,5843.5,5850,5846,5852.1,5845,5851.3
202005140217,5850,5855.9,5850,5855.9,5851.3,5857.4,5851.3,5857.4
202005140218,5855.6,5856.4,5853.4,5853.8,5857.1,5857.9,5854.7,5855.1
202005140219,5853.8,5853.8,5850,5853,5855.1,5855.1,5851.5,5854.5
202005140220,5853,5853.3,5850.8,5851.5,5854.5,5854.6,5851.8,5853
202005140221,5850.9,5850.9,5848,5848.5,5852.4,5852.4,5849,5849.5
202005140222,5848.5,5848.5,5844.3,5847.7,5849.5,5850,5845.3,5848.7
202005140223,5847.7,5849.9,5846.9,5849.9,5848.7,5851.2,5848.1,5851.2
202005140224,5850,5850,5845.5,5846.3,5851.3,5851.5,5847,5847.4
202005140225,5846.3,5846.5,5841.8,5842.9,5847.4,5848,5842.8,5844.4
202005140226,5842.9,5845,5842.6,5844.1,5844.4,5846.5,5843.6,5845.4
202005140227,5844.1,5848.3,5844.1,5846.8,5845.4,5849.3,5845.4,5848.1
202005140228,5846.8,5850.8,5846.8,5850.6,5848.1,5852,5848.1,5851.9
202005140229,5850.6,5851.3,5848.3,5849.3,5851.9,5852.3,5849.3,5850.3
202005140230,5849.1,5849.8,5845.5,5847.4,5850.1,5850.8,5846.8,5848.7
202005140231,5847.4,5849.1,5846.8,5847,5848.7,5850.6,5847.8,5848.5
202005140232,5846.9,5847.5,5842.8,5842.8,5848.4,5848.8,5843.8,5843.8
202005140233,5842.8,5844,5841.5,5841.8,5843.8,5845.5,5843,5843.1
202005140234,5841.7,5845.9,5841.1,5842.5,5843,5847.4,5842.3,5844
202005140235,5842.5,5844.4,5841.1,5842.6,5844,5845.9,5842.7,5844.1
202005140236,5842.9,5846.3,5842.9,5845.1,5844.4,5847.8,5844.4,5846.6
202005140237,5844.6,5845.5,5839.4,5841.5,5846.1,5846.8,5840.9,5843
202005140238,5841.5,5845.9,5841.4,5843.5,5843,5847.2,5842.9,5844.5
202005140239,5843.5,5845.2,5841.9,5845,5844.5,5846.8,5843.5,5846.5
202005140240,5845,5848.9,5842.9,5844.3,5846.5,5850.3,5844.4,5846.3
202005140241,5844.3,5845.6,5843.3,5844.4,5846.3,5847.3,5844.8,5845.9
202005140242,5844,5844.4,5842.9,5843.1,5845.5,5846.2,5844.4,5844.6
202005140243,5843.1,5843.1,5841,5841.8,5844.6,5844.9,5842.5,5842.8
202005140244,5841.8,5847.1,5841.8,5844.7,5842.8,5848.6,5842.8,5845.7
202005140245,5844.7,5846.6,5842.4,5846.6,5845.7,5847.9,5843.8,5847.9
202005140246,5846.6,5847.6,5844.4,5845.2,5847.9,5848.6,5845.9,5847
202005140247,5845.2,5848.5,5844.5,5844.8,5847,5849.8,5845.8,5846.1
202005140248,5844.8,5844.8,5841.5,5842.9,5846.1,5846.1,5843,5844.4
202005140249,5842.9,5845.1,5842.9,5844.4,5844.4,5846.4,5844.4,5845.9
202005140250,5844.4,5845.5,5841.5,5842.5,5845.9,5846.7,5842.8,5844
202005140251,5842.5,5844.9,5842.5,5844.6,5844,5846.2,5843.9,5846.1
202005140252,5844.6,5845.8,5842.9,5843.6,5846.1,5847.1,5843.9,5845.1
202005140253,5843.8,5843.9,5838.9,5838.9,5844.8,5845.2,5840.3,5840.4
202005140254,5838.9,5840.8,5837.8,5838.5,5840.4,5841.9,5838.9,5840
202005140255,5838.5,5840.9,5837.8,5838.8,5840,5842.2,5839.1,5839.8
202005140256,5838.8,5839.8,5838.5,5839.2,5839.8,5841.1,5839.5,5840.2
202005140257,5839.3,5841.3,5838.4,5840.1,5840.3,5842.5,5839.9,5841.5
202005140258,5840.1,5841.1,5839.1,5839.9,5841.5,5842.6,5840.4,5841.2
202005140259,5839.8,5841,5839.6,5840,5841.1,5842.3,5840.9,5841.3
202005140300,5840,5840.8,5838.1,5839.4,5841.3,5841.8,5839.4,5840.9
202005140301,5839.4,5839.6,5837.2,5838.5,5840.9,5840.9,5838.3,5840
202005140302,5838.6,5840.4,5836.8,5836.8,5839.9,5841.9,5837.9,5838.3
202005140303,5836.8,5837.3,5834.8,5834.8,5838.3,5838.5,5836.3,5836.3
202005140304,5834.8,5834.9,5830.1,5830.2,5836.3,5836.3,5831.2,5831.2
202005140305,5830.2,5834,5830.2,5832.9,5831.2,5835,5831.2,5834.2
202005140306,5832.9,5836,5832.9,5835.7,5834.2,5837.3,5834.2,5837
202005140307,5835.7,5840.5,5835.7,5839.8,5837,5841.5,5837,5841.1
202005140308,5839.5,5839.5,5836.3,5838.2,5841,5841,5837.3,5839.5
202005140309,5838.1,5839,5836.9,5838.1,5839.4,5840,5838.7,5839.1
202005140310,5838.1,5838.4,5834.5,5836.6,5839.1,5839.4,5836,5838
202005140311,5836,5843.3,5836,5841.6,5837.8,5844.6,5837.8,5842.9
202005140312,5841.8,5846,5841.8,5844.5,5843.1,5847,5843.1,5845.8
202005140313,5844.5,5844.8,5842.3,5842.3,5845.8,5846.4,5844.1,5844.3
202005140314,5842.6,5843.5,5840,5840.3,5844.4,5844.5,5841,5841.3
202005140315,5840.3,5844.6,5839.4,5844.6,5841.3,5845.9,5840.9,5845.9
202005140316,5844.4,5849.1,5844.4,5847.2,5845.7,5850.4,5845.7,5848.6
202005140317,5847.1,5848.1,5845.3,5847.7,5848.6,5849.3,5846.8,5849
202005140318,5847.7,5848,5844.9,5845.2,5849,5849,5846.2,5846.6
202005140319,5845.2,5846.6,5844,5844,5846.6,5847.8,5845.3,5845.3
202005140320,5843.8,5845.8,5843.6,5845.5,5844.8,5846.9,5844.8,5846.8
202005140321,5845.5,5850.7,5845.5,5850.7,5846.8,5851.7,5846.8,5851.7
202005140322,5850.7,5851.2,5844.1,5844.1,5851.7,5852.3,5845.6,5845.6
202005140323,5844.1,5845.4,5842.6,5844.4,5845.6,5846.9,5843.7,5845.9
202005140324,5844.4,5845.8,5843,5843.2,5845.9,5846.9,5844.3,5844.8
202005140325,5843.2,5843.2,5839,5839,5844.8,5844.8,5840,5840.3
202005140326,5839,5844.5,5838.6,5840.1,5840.3,5845.8,5839.6,5841.2
202005140327,5840.1,5841.3,5838.4,5838.8,5841.2,5842.6,5839.7,5840.1
202005140328,5838.8,5842.4,5838.8,5840.8,5840.1,5843.4,5839.8,5842.3
202005140329,5840.6,5841.2,5838.5,5838.9,5842.1,5842.8,5839.8,5840.4
202005140330,5838.9,5841.8,5838.2,5840.1,5840.4,5842.8,5839.8,5841.4
202005140331,5840.1,5840.9,5838.8,5839.9,5841.4,5841.9,5840.3,5841.4
202005140332,5839.8,5842.7,5839.8,5842.5,5841.1,5844.1,5841.1,5843.8
202005140333,5842.5,5843.9,5838.3,5839.5,5843.8,5845.3,5839.4,5840.8
202005140334,5839.5,5840.6,5838.5,5838.5,5840.8,5842.1,5839.5,5839.5
202005140335,5838.5,5838.9,5835.6,5838.3,5839.5,5839.9,5837.2,5839.6
202005140336,5838.3,5842.5,5838.3,5842.5,5839.6,5844,5839.6,5844
202005140337,5842,5843,5839.6,5840.3,5843.5,5844.3,5841.1,5841.6
202005140338,5840.4,5843.8,5840.4,5841.5,5841.7,5845.1,5841.7,5843
202005140339,5841.7,5842.1,5838.4,5839.4,5842.7,5843.1,5839.8,5840.7
202005140340,5839.4,5840.7,5837.1,5837.9,5840.7,5841.7,5838.1,5839.2
202005140341,5837.9,5838.9,5836.4,5836.4,5839.2,5839.9,5837.7,5837.7
202005140342,5836.5,5836.7,5833.8,5834.5,5837.8,5838.1,5834.8,5836
202005140343,5834.5,5835.2,5833,5834.1,5836,5836.5,5834.3,5835.6
202005140344,5834.1,5834.1,5831.1,5832.8,5835.6,5835.6,5832.6,5833.8
202005140345,5832.8,5834.2,5831,5832.3,5833.8,5835.3,5832.5,5833.6
202005140346,5832.3,5836.3,5831.7,5834.8,5833.6,5837.9,5832.8,5835.8
202005140347,5835.1,5838.5,5833.7,5833.7,5836.4,5840,5834.9,5835
202005140348,5833.7,5837.3,5832.8,5837.3,5835,5838.6,5834.1,5838.4
202005140349,5837.3,5837.9,5835.1,5836,5838.4,5839,5836.1,5837
202005140350,5836,5836.5,5833.9,5834.6,5837,5838,5835.2,5835.9
202005140351,5835,5837.7,5834.4,5835.5,5836.3,5839.1,5835.4,5836.8
202005140352,5835.3,5835.3,5832.1,5835,5836.6,5836.6,5833.3,5836.5
202005140353,5835,5836.3,5833.4,5834.5,5836.5,5837.3,5834.6,5835.8
202005140354,5834.5,5834.9,5832.6,5834.5,5835.8,5836.1,5833.6,5835.5
202005140355,5834.5,5835.2,5833.6,5834.9,5835.5,5836.2,5834.6,5835.9
202005140356,5834.9,5836.2,5832.3,5832.3,5835.9,5837.2,5833.6,5833.6
202005140357,5832.5,5832.8,5827.9,5828.6,5833.8,5834.1,5829.3,5829.9
202005140358,5828.6,5829.2,5828.3,5828.9,5829.9,5830.4,5829.4,5829.9
202005140359,5828.9,5828.9,5826.4,5826.8,5829.9,5830.1,5827.7,5828.3
202005140400,5826.6,5838,5826.4,5837,5828.1,5839.3,5827.9,5838.3
202005140401,5837,5839,5835.8,5838,5838.3,5840.3,5836.8,5839.5
202005140402,5838,5843.5,5837.3,5843.5,5839.5,5845,5838.6,5845
202005140403,5843.5,5843.8,5839.2,5840.5,5845,5845,5840.8,5841.5
202005140404,5840.5,5842.2,5839,5841.2,5841.5,5843.5,5840.5,5842.5
202005140405,5841,5841.3,5836.7,5836.7,5842.3,5842.4,5838.2,5838.2
202005140406,5836.7,5838.2,5835.1,5836.5,5838.2,5839.9,5836.7,5837.8
202005140407,5836.6,5839.2,5836.1,5836.8,5837.9,5840.2,5837.4,5837.8
202005140408,5836.8,5836.8,5832,5833.1,5837.8,5837.8,5833.4,5834.4
202005140409,5833,5834.3,5831.3,5834,5834.5,5835.4,5832.7,5835.3
202005140410,5834,5839.3,5834,5836.6,5835.3,5840.5,5835.3,5838.1
202005140411,5836.6,5836.6,5833.2,5834.4,5838.1,5838.1,5834.7,5835.9
202005140412,5834.4,5835.7,5833.7,5834.1,5835.9,5836.9,5834.8,5835.4
202005140413,5834.1,5835,5829.7,5829.8,5835.4,5836.5,5830.7,5830.9
202005140414,5829.8,5833.8,5829.8,5832.5,5830.9,5834.8,5830.9,5833.8
202005140415,5832.8,5833.9,5829.7,5829.7,5834.1,5835.2,5830.8,5830.8
202005140416,5829.7,5834,5829.6,5831.4,5830.8,5835,5830.6,5832.9
202005140417,5831.4,5832.3,5829.1,5830.4,5832.9,5833.8,5830.1,5831.9
202005140418,5830.4,5832.5,5828.7,5829.3,5831.9,5833.7,5829.7,5830.8
202005140419,5829.3,5833.5,5828.8,5833.5,5830.8,5834.8,5829.9,5834.8
202005140420,5833.5,5835.3,5829.3,5829.3,5834.8,5836.3,5830.6,5830.6
202005140421,5829.3,5829.8,5826.4,5827.8,5830.6,5831.3,5827.9,5828.8
202005140422,5827.6,5829.6,5823.9,5824.3,5828.6,5830.9,5825.3,5825.3
202005140423,5824.3,5825.2,5821.8,5822.1,5825.3,5826.4,5822.8,5823.6
202005140424,5822.3,5824.5,5819.9,5819.9,5823.8,5825.7,5820.9,5820.9
202005140425,5819.9,5822.1,5817.5,5818.4,5820.9,5823.3,5818.8,5819.7
202005140426,5818.4,5822.2,5817.8,5822.1,5819.7,5823.3,5819.1,5823.1
202005140427,5822.5,5824.1,5821.4,5824.1,5823.5,5825.6,5822.4,5825.6
202005140428,5824.1,5828,5824.1,5825.4,5825.6,5829.3,5825.6,5826.9
202005140429,5825.4,5829.6,5824.1,5828.4,5826.9,5831.1,5825.6,5829.7
202005140430,5828.4,5828.4,5824.2,5826.8,5829.7,5829.7,5825.6,5827.8
202005140431,5826.8,5827.8,5824.9,5826.6,5827.8,5829,5826.3,5828.1
202005140432,5826.6,5828.1,5825,5827.7,5828.1,5829.6,5826.8,5829.5
202005140433,5827.7,5834.4,5827.7,5834,5829.5,5836.1,5829.2,5835.5
202005140434,5834,5837,5834,5834.5,5835.5,5838.5,5835.5,5835.8
202005140435,5834.5,5837.1,5832.6,5837.1,5835.8,5838.1,5834.1,5838.1
202005140436,5837.1,5839.6,5833.8,5834,5838.1,5841.1,5835.8,5835.8
202005140437,5834,5834.4,5831.6,5834.2,5835.8,5835.9,5832.8,5835.2
202005140438,5834.2,5836,5831.6,5832.6,5835.2,5837.4,5833.1,5834.1
202005140439,5832.6,5835,5831.5,5835,5834.1,5836.5,5833.3,5836.5
202005140440,5835,5840.9,5835,5837.5,5836.5,5842,5836.5,5839
202005140441,5837.5,5840.7,5837.3,5839.7,5839,5841.7,5838.6,5841
202005140442,5839.4,5842.1,5837.4,5841.9,5840.7,5843.6,5838.8,5843.4
202005140443,5841.9,5842.5,5839,5841,5843.4,5843.5,5840.7,5842.8
202005140444,5841,5841.4,5836.4,5838.1,5842.8,5842.9,5837.9,5839.4
202005140445,5838.1,5838.1,5832.8,5832.8,5839.4,5839.4,5834.1,5834.1
202005140446,5832.8,5834.8,5832.6,5833,5834.1,5836,5834.1,5834.5
202005140447,5832.5,5842.7,5832.5,5841.9,5834,5843.7,5834,5843.2
202005140448,5841.9,5843.9,5838.8,5843.6,5843.2,5845.3,5840.8,5844.9
202005140449,5843.6,5846.2,5843.5,5843.9,5844.9,5847.4,5844.5,5845.2
202005140450,5843.9,5850.6,5843.1,5849.6,5845.2,5852.1,5845.1,5850.6
202005140451,5849.6,5850.1,5846.1,5849,5850.6,5851.9,5847.1,5850
202005140452,5849,5853.6,5847.7,5853.6,5850,5855.1,5848.7,5855.1
202005140453,5853.6,5854.8,5852.3,5853,5855.1,5855.9,5853.3,5854
202005140454,5853,5853.6,5847.2,5847.2,5854,5854.9,5848.2,5848.2
202005140455,5847.2,5849.7,5845.9,5845.9,5848.2,5850.7,5847.1,5847.5
202005140456,5845.9,5846.2,5842.6,5842.7,5847.5,5847.5,5843.6,5843.7
202005140457,5842.4,5848.4,5842.4,5847.9,5843.4,5849.4,5843.4,5848.9
202005140458,5847.9,5851.2,5846.8,5851.1,5848.9,5852.6,5847.8,5852.1
202005140459,5851.1,5852.5,5848.4,5851.4,5852.1,5853.5,5850.5,5852.4
