日時,始値(BID),高値(BID),安値(BID),終値(BID),始値(ASK),高値(ASK),安値(ASK),終値(ASK)
202109140700,21.3,21.3,21.3,21.3,21.35,21.35,21.35,21.35
202109140701,21.3,21.31,21.3,21.31,21.35,21.36,21.35,21.36
202109140702,21.31,21.31,21.31,21.31,21.36,21.36,21.36,21.36
202109140703,21.31,21.31,21.31,21.31,21.36,21.36,21.36,21.36
202109140704,21.31,21.31,21.3,21.3,21.36,21.36,21.35,21.35
202109140705,21.3,21.3,21.3,21.3,21.35,21.35,21.35,21.35
202109140706,21.3,21.3,21.3,21.3,21.35,21.35,21.35,21.35
202109140707,21.3,21.3,21.3,21.3,21.35,21.35,21.35,21.35
202109140708,21.3,21.3,21.3,21.3,21.35,21.35,21.35,21.35
202109140709,21.3,21.3,21.3,21.3,21.35,21.35,21.35,21.35
202109140710,21.3,21.3,21.3,21.3,21.35,21.35,21.35,21.35
202109140711,21.3,21.3,21.3,21.3,21.35,21.35,21.35,21.35
202109140712,21.3,21.3,21.3,21.3,21.35,21.35,21.35,21.35
202109140713,21.3,21.31,21.3,21.31,21.35,21.36,21.35,21.36
202109140714,21.31,21.31,21.31,21.31,21.36,21.36,21.36,21.36
202109140715,21.31,21.31,21.3,21.31,21.36,21.36,21.35,21.36
202109140716,21.31,21.31,21.3,21.3,21.36,21.36,21.35,21.35
202109140717,21.3,21.3,21.3,21.3,21.35,21.35,21.35,21.35
202109140718,21.29,21.3,21.29,21.3,21.34,21.35,21.34,21.35
202109140719,21.3,21.3,21.3,21.3,21.35,21.35,21.35,21.35
202109140720,21.29,21.29,21.26,21.26,21.34,21.34,21.31,21.31
202109140721,21.26,21.27,21.26,21.26,21.31,21.33,21.31,21.32
202109140722,21.26,21.26,21.26,21.26,21.32,21.32,21.31,21.31
202109140723,21.26,21.27,21.25,21.26,21.31,21.35,21.31,21.33
202109140724,21.26,21.27,21.26,21.26,21.33,21.33,21.31,21.31
202109140725,21.26,21.26,21.26,21.26,21.31,21.32,21.31,21.31
202109140726,21.26,21.26,21.26,21.26,21.31,21.32,21.31,21.32
202109140727,21.26,21.27,21.26,21.27,21.32,21.33,21.32,21.33
202109140728,21.27,21.27,21.26,21.26,21.33,21.33,21.31,21.31
202109140729,21.26,21.26,21.26,21.26,21.31,21.33,21.31,21.31
202109140730,21.26,21.26,21.26,21.26,21.31,21.31,21.31,21.31
202109140731,21.26,21.27,21.26,21.26,21.31,21.32,21.31,21.31
202109140732,21.26,21.26,21.26,21.26,21.31,21.31,21.31,21.31
202109140733,21.26,21.26,21.26,21.26,21.31,21.31,21.31,21.31
202109140734,21.26,21.27,21.26,21.26,21.31,21.33,21.31,21.33
202109140735,21.26,21.27,21.25,21.26,21.33,21.35,21.31,21.32
202109140736,21.26,21.26,21.26,21.26,21.32,21.32,21.31,21.31
202109140737,21.26,21.26,21.26,21.26,21.31,21.31,21.31,21.31
202109140738,21.26,21.26,21.26,21.26,21.31,21.31,21.31,21.31
202109140739,21.26,21.26,21.26,21.26,21.31,21.31,21.31,21.31
202109140740,21.26,21.27,21.24,21.24,21.31,21.34,21.31,21.34
202109140741,21.24,21.26,21.24,21.25,21.34,21.35,21.31,21.35
202109140742,21.25,21.27,21.25,21.26,21.35,21.35,21.32,21.32
202109140743,21.26,21.26,21.23,21.25,21.32,21.35,21.32,21.35
202109140744,21.25,21.29,21.25,21.29,21.35,21.35,21.33,21.34
202109140745,21.29,21.29,21.26,21.26,21.34,21.34,21.32,21.32
202109140746,21.26,21.27,21.26,21.26,21.32,21.33,21.32,21.32
202109140747,21.26,21.26,21.26,21.26,21.32,21.32,21.32,21.32
202109140748,21.26,21.29,21.26,21.27,21.32,21.34,21.32,21.34
202109140749,21.27,21.27,21.27,21.27,21.34,21.34,21.33,21.33
202109140750,21.27,21.27,21.25,21.25,21.33,21.36,21.33,21.35
202109140751,21.25,21.27,21.25,21.26,21.35,21.35,21.31,21.31
202109140752,21.26,21.26,21.26,21.26,21.31,21.31,21.31,21.31
202109140753,21.26,21.27,21.26,21.26,21.32,21.33,21.32,21.33
202109140754,21.26,21.27,21.26,21.26,21.33,21.33,21.32,21.33
202109140755,21.26,21.27,21.26,21.26,21.33,21.33,21.32,21.32
202109140756,21.26,21.27,21.25,21.27,21.32,21.35,21.32,21.33
202109140757,21.27,21.27,21.23,21.25,21.33,21.36,21.33,21.35
202109140758,21.25,21.29,21.25,21.25,21.35,21.35,21.34,21.35
202109140759,21.25,21.28,21.25,21.26,21.35,21.35,21.33,21.33
202109140800,21.26,21.27,21.25,21.26,21.33,21.33,21.3,21.31
202109140801,21.26,21.26,21.25,21.25,21.31,21.31,21.3,21.3
202109140802,21.25,21.25,21.25,21.25,21.3,21.3,21.3,21.3
202109140803,21.25,21.25,21.25,21.25,21.3,21.3,21.3,21.3
202109140804,21.26,21.26,21.26,21.26,21.31,21.31,21.31,21.31
202109140805,21.26,21.26,21.26,21.26,21.31,21.31,21.31,21.31
202109140806,21.26,21.26,21.26,21.26,21.31,21.31,21.31,21.31
202109140807,21.26,21.26,21.26,21.26,21.31,21.31,21.31,21.31
202109140808,21.26,21.26,21.26,21.26,21.31,21.31,21.31,21.31
202109140809,21.26,21.26,21.26,21.26,21.31,21.31,21.31,21.31
202109140810,21.26,21.26,21.26,21.26,21.31,21.31,21.31,21.31
202109140811,21.26,21.26,21.26,21.26,21.31,21.31,21.31,21.31
202109140812,21.26,21.26,21.26,21.26,21.31,21.31,21.31,21.31
202109140813,21.26,21.26,21.26,21.26,21.31,21.31,21.31,21.31
202109140814,21.26,21.26,21.26,21.26,21.31,21.31,21.31,21.31
202109140815,21.26,21.26,21.26,21.26,21.31,21.31,21.31,21.31
202109140816,21.26,21.26,21.26,21.26,21.31,21.31,21.31,21.31
202109140817,21.26,21.26,21.26,21.26,21.31,21.31,21.31,21.31
202109140818,21.26,21.26,21.26,21.26,21.31,21.31,21.31,21.31
202109140819,21.26,21.26,21.26,21.26,21.31,21.31,21.31,21.31
202109140820,21.26,21.26,21.26,21.26,21.31,21.31,21.31,21.31
202109140821,21.26,21.26,21.26,21.26,21.31,21.31,21.31,21.31
202109140822,21.26,21.26,21.26,21.26,21.31,21.31,21.31,21.31
202109140823,21.26,21.26,21.26,21.26,21.31,21.31,21.31,21.31
202109140824,21.26,21.26,21.26,21.26,21.31,21.31,21.31,21.31
202109140825,21.26,21.26,21.26,21.26,21.31,21.31,21.31,21.31
202109140826,21.26,21.26,21.26,21.26,21.31,21.31,21.31,21.31
202109140827,21.26,21.26,21.26,21.26,21.31,21.31,21.31,21.31
202109140828,21.26,21.26,21.26,21.26,21.31,21.31,21.31,21.31
202109140829,21.26,21.26,21.26,21.26,21.31,21.31,21.31,21.31
202109140830,21.26,21.26,21.25,21.26,21.31,21.31,21.3,21.31
202109140831,21.26,21.26,21.26,21.26,21.31,21.31,21.31,21.31
202109140832,21.26,21.26,21.26,21.26,21.31,21.31,21.31,21.31
202109140833,21.26,21.26,21.26,21.26,21.31,21.31,21.31,21.31
202109140834,21.26,21.26,21.26,21.26,21.31,21.31,21.31,21.31
202109140835,21.26,21.26,21.26,21.26,21.31,21.31,21.31,21.31
202109140836,21.26,21.26,21.26,21.26,21.31,21.31,21.31,21.31
202109140837,21.26,21.26,21.26,21.26,21.31,21.31,21.31,21.31
202109140838,21.26,21.26,21.26,21.26,21.31,21.31,21.31,21.31
202109140839,21.26,21.26,21.26,21.26,21.31,21.31,21.31,21.31
202109140840,21.26,21.26,21.26,21.26,21.31,21.31,21.31,21.31
202109140841,21.26,21.26,21.26,21.26,21.31,21.31,21.31,21.31
202109140842,21.26,21.26,21.26,21.26,21.31,21.31,21.31,21.31
202109140843,21.26,21.26,21.26,21.26,21.31,21.31,21.31,21.31
202109140844,21.26,21.26,21.26,21.26,21.31,21.31,21.31,21.31
202109140845,21.26,21.26,21.26,21.26,21.31,21.31,21.31,21.31
202109140846,21.26,21.26,21.26,21.26,21.31,21.31,21.31,21.31
202109140847,21.26,21.26,21.26,21.26,21.31,21.31,21.31,21.31
202109140848,21.26,21.26,21.26,21.26,21.31,21.31,21.31,21.31
202109140849,21.26,21.26,21.26,21.26,21.31,21.31,21.31,21.31
202109140850,21.26,21.26,21.26,21.26,21.31,21.31,21.31,21.31
202109140851,21.26,21.26,21.26,21.26,21.31,21.31,21.31,21.31
202109140852,21.25,21.25,21.25,21.25,21.3,21.3,21.3,21.3
202109140853,21.25,21.25,21.25,21.25,21.3,21.3,21.3,21.3
202109140854,21.25,21.25,21.25,21.25,21.3,21.3,21.3,21.3
202109140855,21.25,21.25,21.25,21.25,21.3,21.3,21.3,21.3
202109140856,21.25,21.25,21.25,21.25,21.3,21.3,21.3,21.3
202109140857,21.25,21.25,21.25,21.25,21.3,21.3,21.3,21.3
202109140858,21.25,21.25,21.25,21.25,21.3,21.3,21.3,21.3
202109140859,21.25,21.25,21.21,21.22,21.3,21.3,21.27,21.28
202109140900,21.22,21.24,21.2,21.2,21.28,21.3,21.26,21.3
202109140901,21.21,21.24,21.2,21.24,21.28,21.3,21.27,21.29
202109140902,21.24,21.25,21.24,21.24,21.29,21.3,21.29,21.29
202109140903,21.24,21.24,21.2,21.23,21.29,21.3,21.29,21.29
202109140904,21.23,21.25,21.22,21.23,21.29,21.3,21.29,21.29
202109140905,21.23,21.24,21.2,21.23,21.29,21.3,21.28,21.28
202109140906,21.24,21.26,21.24,21.25,21.29,21.31,21.29,21.3
202109140907,21.26,21.26,21.25,21.26,21.31,21.31,21.3,21.31
202109140908,21.26,21.26,21.26,21.26,21.31,21.31,21.31,21.31
202109140909,21.25,21.3,21.25,21.3,21.3,21.35,21.3,21.35
202109140910,21.29,21.31,21.29,21.31,21.34,21.37,21.34,21.37
202109140911,21.31,21.31,21.31,21.31,21.37,21.37,21.36,21.36
202109140912,21.31,21.31,21.31,21.31,21.36,21.36,21.36,21.36
202109140913,21.31,21.31,21.31,21.31,21.36,21.37,21.36,21.36
202109140914,21.31,21.31,21.31,21.31,21.36,21.37,21.36,21.36
202109140915,21.31,21.32,21.3,21.3,21.36,21.38,21.35,21.35
202109140916,21.3,21.31,21.3,21.3,21.35,21.37,21.35,21.35
202109140917,21.3,21.31,21.3,21.31,21.35,21.37,21.35,21.37
202109140918,21.31,21.31,21.3,21.3,21.37,21.37,21.35,21.35
202109140919,21.3,21.3,21.25,21.28,21.35,21.35,21.33,21.34
202109140920,21.28,21.29,21.25,21.28,21.34,21.36,21.33,21.34
202109140921,21.28,21.28,21.25,21.28,21.34,21.35,21.33,21.33
202109140922,21.28,21.29,21.27,21.29,21.33,21.34,21.33,21.34
202109140923,21.29,21.3,21.29,21.3,21.34,21.35,21.34,21.35
202109140924,21.3,21.3,21.3,21.3,21.35,21.35,21.35,21.35
202109140925,21.3,21.3,21.3,21.3,21.35,21.35,21.35,21.35
202109140926,21.3,21.3,21.3,21.3,21.35,21.35,21.35,21.35
202109140927,21.3,21.3,21.3,21.3,21.35,21.35,21.35,21.35
202109140928,21.3,21.3,21.3,21.3,21.35,21.35,21.35,21.35
202109140929,21.3,21.3,21.26,21.29,21.35,21.35,21.33,21.34
202109140930,21.29,21.29,21.27,21.29,21.34,21.34,21.33,21.34
202109140931,21.29,21.29,21.25,21.25,21.34,21.35,21.31,21.35
202109140932,21.25,21.28,21.25,21.27,21.35,21.35,21.33,21.34
202109140933,21.27,21.27,21.26,21.27,21.34,21.34,21.31,21.33
202109140934,21.27,21.27,21.26,21.26,21.33,21.33,21.31,21.33
202109140935,21.26,21.27,21.26,21.26,21.33,21.33,21.31,21.31
202109140936,21.26,21.26,21.25,21.25,21.31,21.31,21.3,21.3
202109140937,21.25,21.25,21.21,21.21,21.3,21.3,21.26,21.26
202109140938,21.21,21.22,21.21,21.21,21.26,21.28,21.26,21.26
202109140939,21.21,21.22,21.21,21.22,21.26,21.28,21.26,21.28
202109140940,21.22,21.22,21.21,21.21,21.28,21.28,21.26,21.27
202109140941,21.21,21.21,21.21,21.21,21.27,21.27,21.26,21.26
202109140942,21.21,21.22,21.21,21.22,21.26,21.28,21.26,21.28
202109140943,21.22,21.22,21.21,21.21,21.28,21.28,21.26,21.26
202109140944,21.21,21.22,21.21,21.22,21.26,21.28,21.26,21.28
202109140945,21.22,21.23,21.21,21.22,21.28,21.31,21.27,21.28
202109140946,21.22,21.22,21.21,21.21,21.28,21.31,21.27,21.31
202109140947,21.21,21.22,21.21,21.22,21.31,21.31,21.28,21.28
202109140948,21.23,21.23,21.22,21.22,21.29,21.29,21.28,21.29
202109140949,21.22,21.22,21.21,21.21,21.29,21.31,21.28,21.31
202109140950,21.21,21.23,21.21,21.23,21.31,21.31,21.28,21.29
202109140951,21.22,21.24,21.22,21.23,21.29,21.29,21.28,21.29
202109140952,21.23,21.24,21.22,21.22,21.29,21.29,21.28,21.29
202109140953,21.22,21.24,21.22,21.24,21.29,21.29,21.28,21.29
202109140954,21.24,21.24,21.24,21.24,21.29,21.29,21.29,21.29
202109140955,21.24,21.24,21.24,21.24,21.29,21.29,21.29,21.29
202109140956,21.24,21.24,21.22,21.22,21.29,21.29,21.28,21.29
202109140957,21.22,21.24,21.22,21.24,21.29,21.29,21.28,21.29
202109140958,21.24,21.24,21.22,21.22,21.29,21.29,21.28,21.28
202109140959,21.22,21.24,21.22,21.23,21.28,21.29,21.28,21.29
202109141000,21.23,21.23,21.21,21.21,21.29,21.29,21.26,21.28
202109141001,21.21,21.22,21.21,21.21,21.28,21.32,21.26,21.26
202109141002,21.21,21.22,21.2,21.2,21.26,21.31,21.25,21.25
202109141003,21.21,21.21,21.2,21.2,21.26,21.26,21.25,21.25
202109141004,21.2,21.21,21.2,21.21,21.25,21.26,21.25,21.26
202109141005,21.21,21.21,21.21,21.21,21.26,21.26,21.26,21.26
202109141006,21.21,21.22,21.21,21.21,21.26,21.28,21.26,21.28
202109141007,21.21,21.23,21.21,21.23,21.28,21.29,21.28,21.29
202109141008,21.23,21.24,21.23,21.24,21.29,21.29,21.29,21.29
202109141009,21.24,21.24,21.22,21.22,21.29,21.29,21.28,21.28
202109141010,21.23,21.24,21.21,21.21,21.29,21.31,21.26,21.31
202109141011,21.21,21.24,21.21,21.24,21.31,21.31,21.28,21.29
202109141012,21.24,21.24,21.23,21.24,21.29,21.29,21.29,21.29
202109141013,21.24,21.24,21.24,21.24,21.29,21.29,21.29,21.29
202109141014,21.24,21.24,21.24,21.24,21.29,21.29,21.29,21.29
202109141015,21.24,21.24,21.24,21.24,21.29,21.29,21.29,21.29
202109141016,21.24,21.24,21.23,21.24,21.29,21.29,21.29,21.29
202109141017,21.24,21.24,21.22,21.23,21.29,21.29,21.28,21.29
202109141018,21.22,21.22,21.21,21.21,21.28,21.29,21.26,21.26
202109141019,21.21,21.22,21.21,21.21,21.26,21.28,21.26,21.26
202109141020,21.21,21.21,21.21,21.21,21.26,21.28,21.26,21.26
202109141021,21.21,21.21,21.2,21.2,21.26,21.26,21.25,21.25
202109141022,21.2,21.2,21.2,21.2,21.25,21.25,21.25,21.25
202109141023,21.2,21.2,21.2,21.2,21.25,21.25,21.25,21.25
202109141024,21.2,21.2,21.19,21.19,21.25,21.25,21.24,21.24
202109141025,21.2,21.2,21.16,21.16,21.25,21.25,21.21,21.21
202109141026,21.16,21.16,21.15,21.15,21.21,21.21,21.2,21.2
202109141027,21.16,21.18,21.16,21.18,21.21,21.26,21.21,21.24
202109141028,21.17,21.17,21.16,21.16,21.23,21.26,21.21,21.26
202109141029,21.16,21.18,21.16,21.17,21.26,21.26,21.24,21.24
202109141030,21.17,21.17,21.15,21.16,21.24,21.25,21.21,21.21
202109141031,21.16,21.17,21.13,21.17,21.21,21.25,21.21,21.24
202109141032,21.17,21.19,21.17,21.18,21.24,21.24,21.23,21.24
202109141033,21.18,21.19,21.15,21.17,21.24,21.27,21.23,21.24
202109141034,21.17,21.19,21.13,21.17,21.24,21.24,21.23,21.24
202109141035,21.17,21.19,21.15,21.16,21.24,21.25,21.23,21.23
202109141036,21.16,21.17,21.15,21.16,21.23,21.25,21.21,21.21
202109141037,21.16,21.17,21.16,21.16,21.21,21.23,21.21,21.21
202109141038,21.16,21.17,21.16,21.16,21.21,21.23,21.21,21.21
202109141039,21.16,21.17,21.16,21.17,21.21,21.23,21.21,21.23
202109141040,21.17,21.18,21.16,21.18,21.23,21.24,21.21,21.24
202109141041,21.18,21.19,21.18,21.19,21.24,21.24,21.24,21.24
202109141042,21.19,21.2,21.19,21.2,21.24,21.25,21.24,21.25
202109141043,21.2,21.2,21.19,21.19,21.25,21.25,21.24,21.24
202109141044,21.19,21.19,21.19,21.19,21.24,21.24,21.24,21.24
202109141045,21.19,21.19,21.19,21.19,21.24,21.24,21.24,21.24
202109141046,21.19,21.19,21.19,21.19,21.24,21.24,21.24,21.24
202109141047,21.19,21.19,21.19,21.19,21.24,21.24,21.24,21.24
202109141048,21.19,21.19,21.17,21.17,21.24,21.24,21.23,21.23
202109141049,21.18,21.19,21.18,21.19,21.24,21.24,21.23,21.24
202109141050,21.19,21.19,21.19,21.19,21.24,21.24,21.24,21.24
202109141051,21.19,21.19,21.18,21.19,21.24,21.24,21.24,21.24
202109141052,21.19,21.19,21.18,21.19,21.24,21.24,21.23,21.24
202109141053,21.19,21.19,21.17,21.17,21.24,21.24,21.23,21.23
202109141054,21.17,21.19,21.17,21.19,21.23,21.24,21.23,21.24
202109141055,21.19,21.19,21.19,21.19,21.24,21.24,21.24,21.24
202109141056,21.19,21.19,21.19,21.19,21.24,21.24,21.24,21.24
202109141057,21.19,21.19,21.18,21.18,21.24,21.24,21.23,21.23
202109141058,21.18,21.19,21.18,21.18,21.23,21.24,21.23,21.24
202109141059,21.18,21.19,21.18,21.19,21.24,21.24,21.23,21.24
202109141100,21.19,21.19,21.18,21.19,21.24,21.24,21.23,21.24
202109141101,21.19,21.19,21.17,21.18,21.24,21.24,21.23,21.24
202109141102,21.18,21.19,21.15,21.15,21.24,21.26,21.2,21.2
202109141103,21.15,21.17,21.15,21.16,21.2,21.23,21.2,21.21
202109141104,21.16,21.16,21.15,21.15,21.21,21.21,21.2,21.2
202109141105,21.15,21.15,21.15,21.15,21.2,21.2,21.2,21.2
202109141106,21.15,21.15,21.15,21.15,21.2,21.2,21.2,21.2
202109141107,21.15,21.16,21.15,21.16,21.2,21.22,21.2,21.21
202109141108,21.16,21.16,21.15,21.15,21.21,21.21,21.2,21.2
202109141109,21.16,21.16,21.15,21.15,21.21,21.21,21.2,21.2
202109141110,21.15,21.18,21.15,21.18,21.2,21.25,21.2,21.24
202109141111,21.17,21.19,21.17,21.18,21.23,21.24,21.23,21.24
202109141112,21.18,21.19,21.18,21.19,21.24,21.24,21.24,21.24
202109141113,21.19,21.19,21.19,21.19,21.24,21.24,21.24,21.24
202109141114,21.19,21.21,21.19,21.2,21.24,21.26,21.24,21.25
202109141115,21.19,21.22,21.19,21.2,21.24,21.28,21.24,21.25
202109141116,21.2,21.2,21.19,21.2,21.25,21.25,21.24,21.25
202109141117,21.2,21.2,21.17,21.19,21.25,21.25,21.23,21.24
202109141118,21.19,21.19,21.17,21.18,21.24,21.24,21.23,21.23
202109141119,21.19,21.19,21.16,21.16,21.24,21.26,21.23,21.26
202109141120,21.16,21.17,21.15,21.15,21.26,21.27,21.2,21.2
202109141121,21.15,21.17,21.15,21.16,21.2,21.23,21.2,21.21
202109141122,21.16,21.17,21.16,21.16,21.21,21.23,21.21,21.23
202109141123,21.16,21.18,21.16,21.18,21.23,21.24,21.23,21.24
202109141124,21.18,21.18,21.17,21.18,21.24,21.24,21.23,21.24
202109141125,21.18,21.19,21.15,21.19,21.24,21.25,21.23,21.24
202109141126,21.2,21.23,21.18,21.23,21.25,21.29,21.25,21.29
202109141127,21.23,21.24,21.23,21.24,21.29,21.29,21.29,21.29
202109141128,21.24,21.24,21.24,21.24,21.29,21.29,21.29,21.29
202109141129,21.24,21.24,21.24,21.24,21.29,21.29,21.29,21.29
202109141130,21.24,21.24,21.2,21.24,21.29,21.3,21.28,21.29
202109141131,21.24,21.24,21.24,21.24,21.29,21.29,21.29,21.29
202109141132,21.24,21.24,21.24,21.24,21.29,21.29,21.29,21.29
202109141133,21.24,21.28,21.24,21.28,21.29,21.34,21.29,21.34
202109141134,21.28,21.28,21.24,21.24,21.34,21.35,21.29,21.29
202109141135,21.24,21.25,21.24,21.24,21.29,21.3,21.29,21.29
202109141136,21.24,21.24,21.24,21.24,21.29,21.29,21.29,21.29
202109141137,21.24,21.25,21.24,21.25,21.29,21.3,21.29,21.3
202109141138,21.25,21.25,21.24,21.25,21.3,21.3,21.29,21.3
202109141139,21.25,21.25,21.24,21.24,21.3,21.3,21.29,21.29
202109141140,21.24,21.25,21.21,21.24,21.29,21.31,21.28,21.29
202109141141,21.24,21.24,21.21,21.22,21.29,21.31,21.28,21.29
202109141142,21.22,21.24,21.22,21.23,21.29,21.29,21.28,21.29
202109141143,21.23,21.24,21.23,21.23,21.29,21.29,21.28,21.28
202109141144,21.23,21.24,21.22,21.23,21.28,21.32,21.28,21.28
202109141145,21.23,21.24,21.23,21.24,21.28,21.29,21.28,21.29
202109141146,21.24,21.25,21.24,21.25,21.29,21.3,21.29,21.3
202109141147,21.24,21.24,21.24,21.24,21.29,21.29,21.29,21.29
202109141148,21.24,21.24,21.23,21.24,21.29,21.29,21.29,21.29
202109141149,21.24,21.24,21.22,21.24,21.29,21.29,21.28,21.29
202109141150,21.24,21.24,21.24,21.24,21.29,21.29,21.29,21.29
202109141151,21.24,21.24,21.22,21.23,21.29,21.29,21.28,21.29
202109141152,21.23,21.24,21.22,21.23,21.29,21.29,21.28,21.29
202109141153,21.23,21.24,21.23,21.24,21.29,21.29,21.29,21.29
202109141154,21.24,21.25,21.24,21.25,21.29,21.3,21.29,21.3
202109141155,21.25,21.25,21.25,21.25,21.3,21.3,21.3,21.3
202109141156,21.25,21.25,21.25,21.25,21.3,21.3,21.3,21.3
202109141157,21.25,21.25,21.25,21.25,21.3,21.3,21.3,21.3
202109141158,21.25,21.26,21.25,21.25,21.3,21.32,21.3,21.3
202109141159,21.25,21.27,21.24,21.26,21.3,21.34,21.3,21.31
202109141200,21.26,21.27,21.24,21.26,21.31,21.34,21.31,21.31
202109141201,21.26,21.27,21.26,21.26,21.31,21.34,21.31,21.31
202109141202,21.26,21.28,21.26,21.28,21.31,21.34,21.31,21.34
202109141203,21.28,21.29,21.27,21.28,21.34,21.34,21.33,21.34
202109141204,21.28,21.29,21.27,21.27,21.34,21.34,21.33,21.34
202109141205,21.27,21.28,21.24,21.24,21.34,21.36,21.32,21.34
202109141206,21.24,21.28,21.24,21.28,21.34,21.34,21.33,21.34
202109141207,21.27,21.27,21.24,21.25,21.33,21.34,21.3,21.3
202109141208,21.25,21.25,21.25,21.25,21.3,21.3,21.3,21.3
202109141209,21.25,21.25,21.24,21.24,21.3,21.3,21.29,21.29
202109141210,21.24,21.27,21.24,21.26,21.29,21.33,21.29,21.31
202109141211,21.26,21.27,21.25,21.26,21.31,21.33,21.3,21.31
202109141212,21.26,21.26,21.25,21.25,21.31,21.32,21.3,21.3
202109141213,21.25,21.25,21.25,21.25,21.3,21.3,21.3,21.3
202109141214,21.25,21.25,21.25,21.25,21.3,21.3,21.3,21.3
202109141215,21.25,21.25,21.23,21.24,21.3,21.3,21.29,21.29
202109141216,21.24,21.24,21.24,21.24,21.29,21.29,21.29,21.29
202109141217,21.24,21.24,21.24,21.24,21.29,21.29,21.29,21.29
202109141218,21.24,21.26,21.24,21.25,21.29,21.31,21.29,21.3
202109141219,21.25,21.25,21.25,21.25,21.3,21.3,21.3,21.3
202109141220,21.25,21.25,21.25,21.25,21.3,21.3,21.3,21.3
202109141221,21.25,21.25,21.25,21.25,21.3,21.3,21.3,21.3
202109141222,21.25,21.25,21.25,21.25,21.3,21.3,21.3,21.3
202109141223,21.25,21.25,21.25,21.25,21.3,21.3,21.3,21.3
202109141224,21.25,21.25,21.23,21.23,21.3,21.3,21.29,21.29
202109141225,21.23,21.24,21.23,21.24,21.29,21.29,21.29,21.29
202109141226,21.24,21.24,21.23,21.24,21.29,21.29,21.29,21.29
202109141227,21.24,21.24,21.22,21.23,21.29,21.29,21.28,21.29
202109141228,21.23,21.24,21.22,21.22,21.29,21.29,21.28,21.28
202109141229,21.23,21.24,21.23,21.24,21.29,21.29,21.29,21.29
202109141230,21.24,21.24,21.22,21.23,21.29,21.29,21.28,21.28
202109141231,21.24,21.25,21.24,21.25,21.29,21.3,21.29,21.3
202109141232,21.25,21.26,21.25,21.26,21.3,21.32,21.3,21.31
202109141233,21.25,21.25,21.25,21.25,21.3,21.3,21.3,21.3
202109141234,21.25,21.25,21.25,21.25,21.3,21.3,21.3,21.3
202109141235,21.25,21.25,21.23,21.23,21.3,21.3,21.29,21.29
202109141236,21.23,21.24,21.23,21.24,21.29,21.29,21.29,21.29
202109141237,21.24,21.24,21.22,21.24,21.29,21.29,21.28,21.29
202109141238,21.24,21.24,21.22,21.24,21.29,21.29,21.28,21.29
202109141239,21.24,21.24,21.24,21.24,21.29,21.29,21.29,21.29
202109141240,21.24,21.24,21.18,21.24,21.29,21.29,21.26,21.29
202109141241,21.24,21.24,21.22,21.23,21.29,21.29,21.28,21.28
202109141242,21.24,21.24,21.23,21.24,21.29,21.29,21.28,21.29
202109141243,21.24,21.24,21.23,21.23,21.29,21.29,21.29,21.29
202109141244,21.23,21.24,21.23,21.24,21.29,21.29,21.29,21.29
202109141245,21.24,21.24,21.23,21.24,21.29,21.29,21.29,21.29
202109141246,21.24,21.24,21.19,21.24,21.29,21.29,21.27,21.29
202109141247,21.24,21.24,21.19,21.23,21.29,21.29,21.27,21.29
202109141248,21.23,21.24,21.21,21.24,21.29,21.29,21.27,21.29
202109141249,21.24,21.24,21.23,21.24,21.29,21.29,21.29,21.29
202109141250,21.24,21.25,21.24,21.25,21.29,21.3,21.29,21.3
202109141251,21.25,21.25,21.25,21.25,21.3,21.3,21.3,21.3
202109141252,21.25,21.25,21.25,21.25,21.3,21.3,21.3,21.3
202109141253,21.25,21.25,21.25,21.25,21.3,21.3,21.3,21.3
202109141254,21.25,21.25,21.25,21.25,21.3,21.3,21.3,21.3
202109141255,21.25,21.25,21.25,21.25,21.3,21.3,21.3,21.3
202109141256,21.25,21.25,21.25,21.25,21.3,21.3,21.3,21.3
202109141257,21.25,21.25,21.25,21.25,21.3,21.3,21.3,21.3
202109141258,21.25,21.25,21.24,21.24,21.3,21.3,21.29,21.29
202109141259,21.24,21.25,21.24,21.24,21.29,21.3,21.29,21.29
202109141300,21.24,21.25,21.24,21.25,21.29,21.3,21.29,21.3
202109141301,21.25,21.25,21.24,21.24,21.3,21.3,21.29,21.29
202109141302,21.25,21.25,21.24,21.24,21.3,21.3,21.29,21.29
202109141303,21.24,21.25,21.24,21.25,21.29,21.3,21.29,21.3
202109141304,21.25,21.25,21.24,21.25,21.3,21.3,21.29,21.3
202109141305,21.25,21.25,21.25,21.25,21.3,21.3,21.3,21.3
202109141306,21.25,21.27,21.25,21.27,21.3,21.33,21.3,21.33
202109141307,21.27,21.27,21.24,21.24,21.33,21.34,21.33,21.34
202109141308,21.24,21.27,21.24,21.24,21.34,21.34,21.33,21.34
202109141309,21.24,21.28,21.24,21.28,21.34,21.34,21.33,21.34
202109141310,21.28,21.28,21.23,21.28,21.34,21.34,21.31,21.34
202109141311,21.28,21.28,21.28,21.28,21.34,21.34,21.33,21.34
202109141312,21.28,21.29,21.28,21.29,21.34,21.34,21.34,21.34
202109141313,21.29,21.31,21.29,21.3,21.34,21.36,21.34,21.35
202109141314,21.3,21.31,21.3,21.3,21.35,21.37,21.35,21.35
202109141315,21.3,21.3,21.29,21.29,21.35,21.35,21.34,21.34
202109141316,21.29,21.3,21.29,21.29,21.34,21.35,21.34,21.34
202109141317,21.3,21.3,21.29,21.29,21.35,21.35,21.34,21.34
202109141318,21.3,21.3,21.3,21.3,21.35,21.35,21.35,21.35
202109141319,21.3,21.3,21.29,21.29,21.35,21.35,21.34,21.34
202109141320,21.29,21.3,21.29,21.29,21.34,21.35,21.34,21.34
202109141321,21.29,21.3,21.29,21.3,21.34,21.35,21.34,21.35
202109141322,21.3,21.3,21.29,21.29,21.35,21.35,21.34,21.34
202109141323,21.29,21.3,21.29,21.3,21.34,21.35,21.34,21.35
202109141324,21.3,21.3,21.28,21.29,21.35,21.35,21.33,21.34
202109141325,21.29,21.29,21.29,21.29,21.34,21.34,21.34,21.34
202109141326,21.29,21.3,21.29,21.3,21.34,21.35,21.34,21.35
202109141327,21.3,21.3,21.28,21.28,21.35,21.35,21.34,21.34
202109141328,21.28,21.29,21.26,21.26,21.34,21.34,21.32,21.32
202109141329,21.26,21.27,21.26,21.26,21.32,21.33,21.32,21.32
202109141330,21.26,21.26,21.26,21.26,21.32,21.32,21.31,21.32
202109141331,21.26,21.29,21.26,21.28,21.32,21.34,21.32,21.34
202109141332,21.28,21.29,21.28,21.28,21.34,21.34,21.33,21.34
202109141333,21.28,21.28,21.26,21.27,21.34,21.34,21.32,21.33
202109141334,21.27,21.27,21.25,21.26,21.33,21.35,21.31,21.31
202109141335,21.26,21.27,21.26,21.26,21.31,21.33,21.31,21.32
202109141336,21.26,21.27,21.26,21.27,21.32,21.32,21.31,21.32
202109141337,21.26,21.26,21.26,21.26,21.31,21.32,21.31,21.31
202109141338,21.26,21.27,21.26,21.26,21.31,21.32,21.31,21.32
202109141339,21.26,21.27,21.26,21.26,21.32,21.32,21.32,21.32
202109141340,21.26,21.28,21.25,21.28,21.32,21.35,21.32,21.34
202109141341,21.28,21.29,21.28,21.29,21.34,21.34,21.34,21.34
202109141342,21.29,21.29,21.28,21.29,21.34,21.34,21.34,21.34
202109141343,21.29,21.29,21.25,21.25,21.34,21.35,21.33,21.35
202109141344,21.25,21.27,21.25,21.26,21.35,21.35,21.31,21.32
202109141345,21.26,21.26,21.25,21.25,21.32,21.35,21.31,21.35
202109141346,21.25,21.25,21.25,21.25,21.35,21.35,21.35,21.35
202109141347,21.25,21.27,21.25,21.27,21.35,21.35,21.33,21.33
202109141348,21.27,21.27,21.25,21.25,21.33,21.35,21.33,21.35
202109141349,21.25,21.27,21.25,21.25,21.35,21.35,21.33,21.35
202109141350,21.25,21.25,21.25,21.25,21.35,21.35,21.35,21.35
202109141351,21.25,21.27,21.25,21.25,21.35,21.35,21.33,21.35
202109141352,21.25,21.25,21.25,21.25,21.35,21.35,21.35,21.35
202109141353,21.25,21.27,21.25,21.25,21.35,21.35,21.33,21.35
202109141354,21.25,21.26,21.25,21.26,21.35,21.35,21.31,21.31
202109141355,21.26,21.27,21.26,21.27,21.31,21.33,21.31,21.33
202109141356,21.27,21.27,21.26,21.26,21.33,21.33,21.31,21.31
202109141357,21.26,21.27,21.26,21.26,21.31,21.33,21.31,21.32
202109141358,21.26,21.27,21.26,21.27,21.32,21.33,21.32,21.33
202109141359,21.25,21.27,21.25,21.25,21.35,21.35,21.33,21.35
202109141400,21.25,21.28,21.25,21.26,21.35,21.35,21.31,21.31
202109141401,21.26,21.26,21.24,21.25,21.31,21.31,21.29,21.3
202109141402,21.27,21.27,21.26,21.26,21.33,21.33,21.32,21.33
202109141403,21.26,21.27,21.23,21.26,21.33,21.34,21.31,21.32
202109141404,21.26,21.26,21.26,21.26,21.32,21.32,21.31,21.31
202109141405,21.25,21.26,21.25,21.26,21.3,21.32,21.3,21.31
202109141406,21.26,21.27,21.26,21.26,21.32,21.33,21.32,21.33
202109141407,21.26,21.26,21.26,21.26,21.33,21.33,21.33,21.33
202109141408,21.26,21.27,21.26,21.26,21.33,21.33,21.32,21.32
202109141409,21.26,21.27,21.26,21.27,21.32,21.33,21.31,21.33
202109141410,21.27,21.27,21.26,21.27,21.33,21.33,21.31,21.33
202109141411,21.27,21.27,21.26,21.26,21.33,21.33,21.31,21.33
202109141412,21.26,21.29,21.26,21.29,21.33,21.34,21.33,21.34
202109141413,21.29,21.29,21.25,21.27,21.34,21.35,21.32,21.33
202109141414,21.27,21.27,21.26,21.26,21.33,21.36,21.31,21.31
202109141415,21.26,21.27,21.25,21.26,21.31,21.35,21.31,21.31
202109141416,21.26,21.26,21.26,21.26,21.31,21.32,21.31,21.31
202109141417,21.26,21.26,21.26,21.26,21.31,21.32,21.31,21.32
202109141418,21.26,21.29,21.25,21.25,21.32,21.35,21.31,21.35
202109141419,21.25,21.29,21.25,21.29,21.35,21.35,21.34,21.34
202109141420,21.29,21.29,21.25,21.26,21.34,21.35,21.31,21.31
202109141421,21.26,21.26,21.26,21.26,21.31,21.32,21.31,21.31
202109141422,21.26,21.26,21.24,21.24,21.31,21.31,21.29,21.29
202109141423,21.24,21.25,21.24,21.24,21.29,21.3,21.29,21.29
202109141424,21.24,21.25,21.2,21.2,21.29,21.3,21.25,21.25
202109141425,21.2,21.2,21.16,21.16,21.25,21.26,21.23,21.23
202109141426,21.16,21.19,21.16,21.19,21.23,21.26,21.23,21.24
202109141427,21.19,21.19,21.17,21.19,21.24,21.24,21.23,21.24
202109141428,21.19,21.19,21.17,21.19,21.24,21.24,21.23,21.24
202109141429,21.19,21.19,21.17,21.18,21.24,21.24,21.23,21.24
202109141430,21.18,21.19,21.18,21.19,21.24,21.24,21.24,21.24
202109141431,21.2,21.22,21.2,21.2,21.25,21.3,21.25,21.3
202109141432,21.2,21.24,21.18,21.24,21.3,21.3,21.28,21.29
202109141433,21.24,21.24,21.24,21.24,21.29,21.29,21.29,21.29
202109141434,21.24,21.24,21.24,21.24,21.29,21.29,21.29,21.29
202109141435,21.24,21.24,21.21,21.21,21.29,21.31,21.26,21.26
202109141436,21.21,21.22,21.21,21.21,21.26,21.28,21.26,21.27
202109141437,21.21,21.21,21.21,21.21,21.27,21.27,21.26,21.27
202109141438,21.21,21.22,21.21,21.21,21.27,21.28,21.27,21.27
202109141439,21.21,21.22,21.21,21.21,21.27,21.28,21.26,21.27
202109141440,21.21,21.22,21.21,21.22,21.27,21.28,21.26,21.28
202109141441,21.22,21.22,21.21,21.22,21.28,21.28,21.27,21.28
202109141442,21.22,21.24,21.21,21.24,21.28,21.29,21.28,21.29
202109141443,21.24,21.27,21.24,21.27,21.29,21.34,21.29,21.33
202109141444,21.27,21.29,21.27,21.27,21.33,21.34,21.33,21.34
202109141445,21.27,21.27,21.24,21.26,21.34,21.36,21.31,21.31
202109141446,21.26,21.27,21.26,21.26,21.31,21.33,21.31,21.32
202109141447,21.26,21.26,21.26,21.26,21.32,21.32,21.31,21.32
202109141448,21.26,21.26,21.26,21.26,21.32,21.32,21.31,21.32
202109141449,21.26,21.27,21.26,21.26,21.32,21.33,21.31,21.31
202109141450,21.26,21.26,21.26,21.26,21.31,21.31,21.31,21.31
202109141451,21.26,21.26,21.25,21.26,21.31,21.31,21.3,21.31
202109141452,21.26,21.26,21.25,21.26,21.31,21.31,21.3,21.31
202109141453,21.26,21.26,21.25,21.26,21.31,21.32,21.3,21.31
202109141454,21.26,21.26,21.26,21.26,21.31,21.32,21.31,21.31
202109141455,21.26,21.26,21.26,21.26,21.31,21.32,21.31,21.32
202109141456,21.26,21.26,21.26,21.26,21.32,21.32,21.31,21.31
202109141457,21.26,21.26,21.26,21.26,21.31,21.32,21.31,21.32
202109141458,21.26,21.26,21.26,21.26,21.32,21.32,21.31,21.31
202109141459,21.26,21.26,21.26,21.26,21.31,21.32,21.31,21.31
202109141500,21.26,21.29,21.23,21.26,21.32,21.34,21.31,21.32
202109141501,21.26,21.29,21.26,21.29,21.32,21.34,21.32,21.34
202109141502,21.29,21.3,21.28,21.29,21.34,21.35,21.33,21.34
202109141503,21.29,21.3,21.29,21.29,21.34,21.35,21.34,21.34
202109141504,21.29,21.34,21.29,21.34,21.34,21.4,21.34,21.39
202109141505,21.34,21.34,21.34,21.34,21.39,21.39,21.39,21.39
202109141506,21.34,21.34,21.33,21.34,21.39,21.39,21.39,21.39
202109141507,21.34,21.34,21.31,21.31,21.39,21.39,21.37,21.37
202109141508,21.31,21.33,21.3,21.31,21.37,21.4,21.37,21.37
202109141509,21.31,21.32,21.31,21.31,21.37,21.38,21.36,21.37
202109141510,21.31,21.33,21.28,21.29,21.37,21.39,21.37,21.39
202109141511,21.29,21.33,21.28,21.32,21.39,21.39,21.37,21.38
202109141512,21.32,21.34,21.3,21.34,21.38,21.4,21.38,21.39
202109141513,21.34,21.34,21.32,21.33,21.39,21.39,21.38,21.39
202109141514,21.33,21.34,21.32,21.34,21.39,21.39,21.38,21.39
202109141515,21.34,21.35,21.34,21.35,21.39,21.4,21.39,21.4
202109141516,21.35,21.35,21.35,21.35,21.4,21.4,21.4,21.4
202109141517,21.35,21.35,21.34,21.34,21.4,21.4,21.39,21.39
202109141518,21.34,21.35,21.34,21.34,21.39,21.4,21.39,21.39
202109141519,21.34,21.34,21.31,21.31,21.39,21.39,21.36,21.38
202109141520,21.31,21.32,21.31,21.31,21.38,21.38,21.36,21.36
202109141521,21.31,21.31,21.3,21.3,21.36,21.36,21.35,21.35
202109141522,21.29,21.29,21.28,21.28,21.34,21.34,21.34,21.34
202109141523,21.28,21.29,21.26,21.26,21.34,21.34,21.31,21.31
202109141524,21.26,21.26,21.26,21.26,21.31,21.31,21.31,21.31
202109141525,21.26,21.26,21.26,21.26,21.31,21.32,21.31,21.32
202109141526,21.26,21.27,21.26,21.26,21.32,21.33,21.31,21.31
202109141527,21.26,21.27,21.26,21.26,21.31,21.36,21.31,21.36
202109141528,21.26,21.27,21.26,21.26,21.36,21.36,21.31,21.31
202109141529,21.26,21.26,21.25,21.25,21.31,21.31,21.3,21.3
202109141530,21.25,21.26,21.25,21.26,21.3,21.31,21.3,21.31
202109141531,21.26,21.26,21.26,21.26,21.31,21.31,21.31,21.31
202109141532,21.26,21.26,21.26,21.26,21.31,21.31,21.31,21.31
202109141533,21.26,21.26,21.26,21.26,21.31,21.31,21.31,21.31
202109141534,21.26,21.26,21.26,21.26,21.31,21.31,21.31,21.31
202109141535,21.26,21.29,21.26,21.29,21.31,21.34,21.31,21.34
202109141536,21.3,21.3,21.3,21.3,21.35,21.35,21.35,21.35
202109141537,21.3,21.3,21.28,21.3,21.35,21.35,21.33,21.35
202109141538,21.3,21.3,21.3,21.3,21.35,21.35,21.35,21.35
202109141539,21.3,21.34,21.3,21.34,21.35,21.39,21.35,21.39
202109141540,21.35,21.36,21.35,21.35,21.4,21.41,21.4,21.4
202109141541,21.36,21.36,21.36,21.36,21.41,21.41,21.41,21.41
202109141542,21.36,21.36,21.35,21.36,21.41,21.41,21.4,21.41
202109141543,21.36,21.36,21.35,21.35,21.41,21.41,21.4,21.4
202109141544,21.36,21.36,21.36,21.36,21.41,21.41,21.41,21.41
202109141545,21.36,21.36,21.35,21.35,21.41,21.41,21.4,21.4
202109141546,21.35,21.35,21.34,21.35,21.4,21.4,21.39,21.4
202109141547,21.34,21.35,21.31,21.31,21.39,21.4,21.37,21.37
202109141548,21.31,21.31,21.31,21.31,21.37,21.37,21.37,21.37
202109141549,21.31,21.34,21.3,21.31,21.37,21.4,21.36,21.38
202109141550,21.32,21.33,21.29,21.31,21.38,21.41,21.36,21.37
202109141551,21.31,21.32,21.31,21.31,21.37,21.38,21.36,21.37
202109141552,21.31,21.34,21.31,21.34,21.37,21.39,21.36,21.39
202109141553,21.35,21.35,21.34,21.35,21.4,21.4,21.39,21.4
202109141554,21.35,21.35,21.34,21.34,21.4,21.4,21.39,21.39
202109141555,21.34,21.35,21.34,21.35,21.39,21.4,21.39,21.4
202109141556,21.35,21.39,21.35,21.39,21.4,21.44,21.4,21.44
202109141557,21.39,21.39,21.39,21.39,21.44,21.44,21.44,21.44
202109141558,21.39,21.39,21.39,21.39,21.44,21.44,21.44,21.44
202109141559,21.39,21.4,21.39,21.4,21.44,21.45,21.44,21.45
202109141600,21.4,21.4,21.36,21.36,21.45,21.45,21.41,21.41
202109141601,21.36,21.36,21.35,21.36,21.41,21.41,21.4,21.41
202109141602,21.36,21.39,21.36,21.39,21.41,21.44,21.41,21.44
202109141603,21.39,21.44,21.39,21.42,21.44,21.49,21.44,21.48
202109141604,21.42,21.42,21.39,21.4,21.48,21.5,21.45,21.45
202109141605,21.4,21.41,21.4,21.4,21.45,21.46,21.45,21.45
202109141606,21.4,21.4,21.36,21.39,21.45,21.45,21.41,21.44
202109141607,21.39,21.4,21.38,21.4,21.44,21.45,21.44,21.45
202109141608,21.4,21.4,21.37,21.38,21.45,21.45,21.43,21.44
202109141609,21.37,21.38,21.35,21.36,21.43,21.45,21.41,21.42
202109141610,21.37,21.37,21.35,21.37,21.43,21.45,21.41,21.44
202109141611,21.37,21.39,21.35,21.39,21.44,21.45,21.41,21.44
202109141612,21.39,21.41,21.39,21.4,21.44,21.47,21.44,21.45
202109141613,21.41,21.46,21.41,21.46,21.46,21.53,21.46,21.52
202109141614,21.46,21.55,21.44,21.55,21.52,21.6,21.52,21.6
202109141615,21.56,21.6,21.54,21.6,21.61,21.65,21.59,21.65
202109141616,21.6,21.6,21.55,21.56,21.65,21.65,21.6,21.61
202109141617,21.56,21.59,21.54,21.54,21.61,21.64,21.61,21.64
202109141618,21.54,21.58,21.53,21.53,21.64,21.64,21.59,21.59
202109141619,21.53,21.54,21.5,21.51,21.59,21.6,21.56,21.56
202109141620,21.51,21.51,21.49,21.5,21.56,21.59,21.55,21.55
202109141621,21.5,21.57,21.5,21.56,21.55,21.63,21.55,21.62
202109141622,21.56,21.59,21.54,21.59,21.62,21.64,21.61,21.64
202109141623,21.59,21.64,21.58,21.62,21.64,21.69,21.64,21.69
202109141624,21.62,21.67,21.62,21.66,21.69,21.74,21.68,21.72
202109141625,21.66,21.66,21.65,21.65,21.72,21.72,21.7,21.7
202109141626,21.65,21.67,21.65,21.67,21.7,21.73,21.7,21.73
202109141627,21.67,21.68,21.62,21.64,21.73,21.74,21.68,21.69
202109141628,21.63,21.63,21.6,21.61,21.68,21.68,21.65,21.66
202109141629,21.61,21.61,21.61,21.61,21.66,21.66,21.66,21.66
202109141630,21.61,21.64,21.6,21.6,21.66,21.69,21.65,21.65
202109141631,21.6,21.62,21.6,21.61,21.65,21.68,21.65,21.67
202109141632,21.61,21.63,21.61,21.62,21.67,21.71,21.67,21.68
202109141633,21.63,21.66,21.63,21.66,21.69,21.72,21.69,21.72
202109141634,21.66,21.7,21.66,21.69,21.72,21.75,21.72,21.74
202109141635,21.69,21.7,21.64,21.66,21.74,21.75,21.71,21.71
202109141636,21.66,21.66,21.66,21.66,21.71,21.72,21.71,21.71
202109141637,21.66,21.66,21.65,21.66,21.71,21.71,21.7,21.71
202109141638,21.66,21.66,21.66,21.66,21.71,21.71,21.71,21.71
202109141639,21.66,21.67,21.65,21.66,21.71,21.75,21.71,21.71
202109141640,21.66,21.68,21.65,21.68,21.71,21.75,21.71,21.74
202109141641,21.68,21.69,21.65,21.66,21.74,21.75,21.71,21.71
202109141642,21.66,21.67,21.65,21.66,21.71,21.75,21.71,21.73
202109141643,21.66,21.7,21.65,21.7,21.73,21.75,21.71,21.75
202109141644,21.7,21.7,21.69,21.7,21.75,21.75,21.74,21.75
202109141645,21.7,21.74,21.7,21.71,21.75,21.79,21.75,21.77
202109141646,21.71,21.72,21.71,21.72,21.77,21.78,21.76,21.78
202109141647,21.71,21.72,21.7,21.7,21.77,21.78,21.75,21.75
202109141648,21.7,21.71,21.7,21.7,21.75,21.76,21.75,21.75
202109141649,21.7,21.7,21.66,21.66,21.75,21.75,21.71,21.71
202109141650,21.66,21.67,21.66,21.66,21.71,21.73,21.71,21.71
202109141651,21.66,21.66,21.61,21.61,21.71,21.71,21.66,21.66
202109141652,21.61,21.61,21.56,21.56,21.66,21.66,21.61,21.61
202109141653,21.55,21.55,21.54,21.55,21.6,21.6,21.59,21.6
202109141654,21.55,21.55,21.55,21.55,21.6,21.6,21.6,21.6
202109141655,21.55,21.55,21.51,21.51,21.6,21.6,21.56,21.56
202109141656,21.5,21.51,21.46,21.46,21.55,21.56,21.51,21.51
202109141657,21.46,21.49,21.46,21.49,21.51,21.57,21.51,21.54
202109141658,21.5,21.5,21.47,21.49,21.55,21.55,21.53,21.54
202109141659,21.49,21.49,21.46,21.46,21.54,21.54,21.51,21.51
202109141700,21.46,21.47,21.41,21.43,21.51,21.53,21.48,21.49
202109141701,21.43,21.44,21.41,21.41,21.49,21.49,21.46,21.47
202109141702,21.41,21.44,21.41,21.42,21.47,21.49,21.46,21.48
202109141703,21.42,21.49,21.42,21.47,21.48,21.56,21.48,21.54
202109141704,21.47,21.47,21.46,21.46,21.54,21.56,21.51,21.51
202109141705,21.46,21.48,21.42,21.46,21.51,21.56,21.49,21.52
202109141706,21.46,21.47,21.46,21.46,21.52,21.53,21.51,21.52
202109141707,21.46,21.47,21.46,21.46,21.52,21.56,21.51,21.52
202109141708,21.46,21.48,21.46,21.47,21.52,21.56,21.52,21.53
202109141709,21.46,21.46,21.46,21.46,21.52,21.52,21.51,21.51
202109141710,21.46,21.46,21.44,21.46,21.51,21.52,21.49,21.51
202109141711,21.46,21.47,21.45,21.46,21.51,21.53,21.5,21.51
202109141712,21.46,21.46,21.45,21.45,21.51,21.52,21.5,21.5
202109141713,21.45,21.5,21.45,21.5,21.5,21.55,21.5,21.55
202109141714,21.5,21.5,21.47,21.49,21.55,21.55,21.53,21.54
202109141715,21.5,21.54,21.49,21.54,21.55,21.59,21.54,21.59
202109141716,21.55,21.55,21.54,21.55,21.6,21.6,21.59,21.6
202109141717,21.55,21.64,21.55,21.62,21.6,21.69,21.6,21.68
202109141718,21.64,21.64,21.64,21.64,21.69,21.69,21.69,21.69
202109141719,21.64,21.65,21.63,21.65,21.69,21.7,21.69,21.7
202109141720,21.65,21.67,21.65,21.66,21.7,21.73,21.7,21.71
202109141721,21.66,21.67,21.6,21.62,21.71,21.73,21.68,21.69
202109141722,21.62,21.64,21.6,21.61,21.69,21.71,21.66,21.66
202109141723,21.61,21.61,21.57,21.6,21.66,21.66,21.63,21.65
202109141724,21.6,21.61,21.58,21.59,21.65,21.66,21.64,21.64
202109141725,21.59,21.59,21.56,21.58,21.64,21.66,21.62,21.64
202109141726,21.58,21.58,21.56,21.56,21.64,21.66,21.61,21.62
202109141727,21.56,21.56,21.56,21.56,21.62,21.62,21.61,21.61
202109141728,21.56,21.56,21.55,21.56,21.61,21.61,21.6,21.61
202109141729,21.56,21.56,21.5,21.5,21.61,21.61,21.55,21.55
202109141730,21.5,21.5,21.47,21.5,21.55,21.55,21.53,21.55
202109141731,21.5,21.5,21.48,21.5,21.55,21.55,21.54,21.55
202109141732,21.49,21.49,21.46,21.46,21.54,21.54,21.51,21.51
202109141733,21.46,21.46,21.46,21.46,21.51,21.51,21.51,21.51
202109141734,21.46,21.46,21.46,21.46,21.51,21.51,21.51,21.51
202109141735,21.46,21.46,21.41,21.44,21.51,21.51,21.46,21.49
202109141736,21.44,21.45,21.43,21.45,21.49,21.5,21.49,21.5
202109141737,21.45,21.45,21.41,21.44,21.5,21.5,21.48,21.49
202109141738,21.44,21.44,21.4,21.42,21.49,21.5,21.46,21.49
202109141739,21.42,21.44,21.41,21.44,21.49,21.52,21.47,21.49
202109141740,21.44,21.44,21.41,21.42,21.49,21.49,21.48,21.49
202109141741,21.42,21.45,21.42,21.45,21.49,21.5,21.48,21.5
202109141742,21.45,21.45,21.44,21.44,21.5,21.5,21.49,21.49
202109141743,21.44,21.44,21.42,21.44,21.49,21.49,21.48,21.49
202109141744,21.44,21.45,21.44,21.45,21.49,21.5,21.49,21.5
202109141745,21.45,21.46,21.45,21.45,21.5,21.51,21.5,21.5
202109141746,21.46,21.49,21.46,21.49,21.51,21.54,21.51,21.54
202109141747,21.49,21.49,21.47,21.49,21.54,21.54,21.53,21.54
202109141748,21.49,21.49,21.48,21.49,21.54,21.54,21.54,21.54
202109141749,21.49,21.49,21.47,21.49,21.54,21.54,21.53,21.54
202109141750,21.49,21.49,21.46,21.47,21.54,21.54,21.53,21.53
202109141751,21.47,21.47,21.46,21.46,21.53,21.53,21.51,21.52
202109141752,21.46,21.47,21.46,21.47,21.52,21.53,21.52,21.53
202109141753,21.47,21.47,21.46,21.46,21.53,21.53,21.51,21.51
202109141754,21.46,21.46,21.42,21.44,21.51,21.51,21.48,21.49
202109141755,21.44,21.45,21.42,21.45,21.49,21.5,21.49,21.5
202109141756,21.45,21.45,21.42,21.42,21.5,21.52,21.48,21.48
202109141757,21.42,21.45,21.42,21.45,21.48,21.5,21.48,21.5
202109141758,21.45,21.45,21.43,21.45,21.5,21.5,21.49,21.5
202109141759,21.45,21.45,21.45,21.45,21.5,21.5,21.5,21.5
202109141800,21.45,21.45,21.45,21.45,21.5,21.5,21.5,21.5
202109141801,21.45,21.45,21.43,21.45,21.5,21.5,21.49,21.5
202109141802,21.45,21.45,21.45,21.45,21.5,21.5,21.5,21.5
202109141803,21.45,21.45,21.45,21.45,21.5,21.5,21.5,21.5
202109141804,21.45,21.49,21.45,21.46,21.5,21.55,21.5,21.51
202109141805,21.46,21.46,21.46,21.46,21.51,21.52,21.51,21.51
202109141806,21.46,21.46,21.45,21.45,21.51,21.51,21.5,21.5
202109141807,21.45,21.45,21.45,21.45,21.5,21.5,21.5,21.5
202109141808,21.45,21.45,21.45,21.45,21.5,21.5,21.5,21.5
202109141809,21.45,21.45,21.45,21.45,21.5,21.5,21.5,21.5
202109141810,21.45,21.45,21.45,21.45,21.5,21.5,21.5,21.5
202109141811,21.45,21.45,21.41,21.41,21.5,21.5,21.46,21.46
202109141812,21.41,21.41,21.41,21.41,21.46,21.46,21.46,21.46
202109141813,21.41,21.41,21.41,21.41,21.46,21.46,21.46,21.46
202109141814,21.41,21.41,21.41,21.41,21.46,21.46,21.46,21.46
202109141815,21.41,21.41,21.41,21.41,21.46,21.47,21.46,21.46
202109141816,21.41,21.42,21.41,21.41,21.46,21.49,21.46,21.46
202109141817,21.41,21.41,21.4,21.4,21.46,21.46,21.45,21.45
202109141818,21.4,21.4,21.4,21.4,21.45,21.45,21.45,21.45
202109141819,21.4,21.41,21.4,21.41,21.45,21.46,21.45,21.46
202109141820,21.41,21.42,21.4,21.41,21.46,21.48,21.45,21.46
202109141821,21.41,21.41,21.4,21.4,21.46,21.47,21.45,21.45
202109141822,21.4,21.41,21.4,21.41,21.45,21.46,21.45,21.46
202109141823,21.41,21.42,21.41,21.42,21.46,21.51,21.46,21.48
202109141824,21.42,21.44,21.41,21.44,21.48,21.51,21.48,21.49
202109141825,21.45,21.45,21.44,21.44,21.5,21.5,21.49,21.49
202109141826,21.44,21.44,21.44,21.44,21.49,21.49,21.49,21.49
202109141827,21.44,21.45,21.43,21.44,21.49,21.5,21.49,21.49
202109141828,21.44,21.45,21.43,21.43,21.49,21.5,21.49,21.49
202109141829,21.43,21.44,21.42,21.42,21.49,21.49,21.48,21.48
202109141830,21.42,21.44,21.42,21.44,21.48,21.49,21.48,21.49
202109141831,21.44,21.45,21.44,21.44,21.49,21.5,21.49,21.49
202109141832,21.44,21.44,21.43,21.44,21.49,21.49,21.48,21.49
202109141833,21.44,21.44,21.43,21.43,21.49,21.49,21.48,21.48
202109141834,21.43,21.45,21.43,21.44,21.48,21.5,21.48,21.49
202109141835,21.44,21.45,21.44,21.45,21.49,21.5,21.49,21.5
202109141836,21.45,21.45,21.45,21.45,21.5,21.5,21.5,21.5
202109141837,21.45,21.45,21.45,21.45,21.5,21.5,21.5,21.5
202109141838,21.45,21.45,21.45,21.45,21.5,21.5,21.5,21.5
202109141839,21.45,21.45,21.45,21.45,21.5,21.5,21.5,21.5
202109141840,21.45,21.45,21.45,21.45,21.5,21.5,21.5,21.5
202109141841,21.45,21.49,21.45,21.49,21.5,21.54,21.5,21.54
202109141842,21.49,21.54,21.49,21.51,21.54,21.59,21.54,21.56
202109141843,21.51,21.51,21.51,21.51,21.56,21.58,21.56,21.56
202109141844,21.51,21.52,21.51,21.51,21.56,21.58,21.56,21.56
202109141845,21.51,21.51,21.51,21.51,21.56,21.58,21.56,21.56
202109141846,21.51,21.52,21.51,21.52,21.56,21.58,21.56,21.58
202109141847,21.52,21.52,21.48,21.51,21.58,21.58,21.56,21.57
202109141848,21.51,21.52,21.51,21.51,21.57,21.58,21.56,21.56
202109141849,21.51,21.52,21.51,21.51,21.56,21.58,21.56,21.56
202109141850,21.51,21.54,21.51,21.54,21.56,21.59,21.56,21.59
202109141851,21.54,21.55,21.54,21.55,21.59,21.6,21.59,21.6
202109141852,21.55,21.55,21.53,21.53,21.6,21.6,21.59,21.59
202109141853,21.53,21.54,21.53,21.54,21.59,21.59,21.59,21.59
202109141854,21.54,21.56,21.54,21.55,21.59,21.62,21.59,21.6
202109141855,21.55,21.55,21.55,21.55,21.6,21.6,21.6,21.6
202109141856,21.55,21.55,21.55,21.55,21.6,21.6,21.6,21.6
202109141857,21.55,21.55,21.55,21.55,21.6,21.6,21.6,21.6
202109141858,21.55,21.56,21.55,21.55,21.6,21.61,21.6,21.6
202109141859,21.55,21.55,21.55,21.55,21.6,21.6,21.6,21.6
202109141900,21.56,21.59,21.56,21.59,21.61,21.64,21.61,21.64
202109141901,21.59,21.59,21.59,21.59,21.64,21.64,21.64,21.64
202109141902,21.59,21.61,21.59,21.59,21.64,21.66,21.64,21.64
202109141903,21.59,21.59,21.56,21.56,21.64,21.64,21.61,21.61
202109141904,21.56,21.56,21.56,21.56,21.61,21.61,21.61,21.61
202109141905,21.56,21.56,21.54,21.54,21.61,21.61,21.59,21.59
202109141906,21.54,21.55,21.54,21.55,21.59,21.6,21.59,21.6
202109141907,21.55,21.55,21.54,21.54,21.6,21.6,21.59,21.59
202109141908,21.54,21.55,21.54,21.55,21.59,21.6,21.59,21.6
202109141909,21.55,21.55,21.55,21.55,21.6,21.6,21.6,21.6
202109141910,21.55,21.55,21.51,21.51,21.6,21.6,21.56,21.56
202109141911,21.51,21.51,21.51,21.51,21.56,21.57,21.56,21.57
202109141912,21.51,21.51,21.51,21.51,21.57,21.57,21.56,21.56
202109141913,21.51,21.51,21.5,21.5,21.56,21.56,21.55,21.55
202109141914,21.5,21.5,21.5,21.5,21.55,21.55,21.55,21.55
202109141915,21.5,21.51,21.46,21.46,21.55,21.56,21.51,21.51
202109141916,21.46,21.46,21.44,21.45,21.51,21.51,21.49,21.5
202109141917,21.45,21.45,21.44,21.45,21.5,21.5,21.49,21.5
202109141918,21.45,21.45,21.44,21.44,21.5,21.5,21.49,21.49
202109141919,21.45,21.45,21.44,21.45,21.5,21.5,21.49,21.5
202109141920,21.44,21.44,21.44,21.44,21.49,21.49,21.49,21.49
202109141921,21.44,21.45,21.44,21.44,21.49,21.5,21.49,21.49
202109141922,21.44,21.45,21.44,21.45,21.49,21.5,21.49,21.5
202109141923,21.45,21.45,21.45,21.45,21.5,21.5,21.5,21.5
202109141924,21.45,21.45,21.45,21.45,21.5,21.5,21.5,21.5
202109141925,21.45,21.45,21.44,21.44,21.5,21.5,21.49,21.49
202109141926,21.44,21.45,21.44,21.44,21.49,21.5,21.49,21.49
202109141927,21.44,21.44,21.41,21.41,21.49,21.49,21.46,21.46
202109141928,21.41,21.41,21.41,21.41,21.46,21.46,21.46,21.46
202109141929,21.41,21.41,21.41,21.41,21.46,21.46,21.46,21.46
202109141930,21.41,21.41,21.4,21.4,21.46,21.46,21.45,21.45
202109141931,21.41,21.41,21.41,21.41,21.46,21.46,21.46,21.46
202109141932,21.41,21.41,21.41,21.41,21.46,21.46,21.46,21.46
202109141933,21.41,21.41,21.41,21.41,21.46,21.46,21.46,21.46
202109141934,21.41,21.41,21.41,21.41,21.46,21.46,21.46,21.46
202109141935,21.41,21.41,21.41,21.41,21.46,21.46,21.46,21.46
202109141936,21.41,21.41,21.4,21.4,21.46,21.46,21.45,21.45
202109141937,21.4,21.41,21.4,21.41,21.45,21.46,21.45,21.46
202109141938,21.41,21.41,21.41,21.41,21.46,21.46,21.46,21.46
202109141939,21.41,21.41,21.4,21.4,21.46,21.46,21.45,21.45
202109141940,21.41,21.41,21.4,21.4,21.46,21.46,21.45,21.45
202109141941,21.4,21.4,21.36,21.36,21.45,21.45,21.41,21.41
202109141942,21.35,21.39,21.35,21.39,21.4,21.44,21.4,21.44
202109141943,21.39,21.41,21.39,21.4,21.44,21.46,21.44,21.45
202109141944,21.4,21.41,21.4,21.4,21.45,21.46,21.45,21.45
202109141945,21.4,21.4,21.4,21.4,21.45,21.45,21.45,21.45
202109141946,21.4,21.41,21.4,21.41,21.45,21.46,21.45,21.46
202109141947,21.41,21.45,21.41,21.45,21.46,21.5,21.46,21.5
202109141948,21.45,21.45,21.45,21.45,21.5,21.5,21.5,21.5
202109141949,21.45,21.45,21.45,21.45,21.5,21.5,21.5,21.5
202109141950,21.45,21.48,21.45,21.47,21.5,21.55,21.5,21.53
202109141951,21.47,21.47,21.45,21.45,21.53,21.53,21.5,21.5
202109141952,21.45,21.46,21.45,21.46,21.5,21.51,21.5,21.51
202109141953,21.46,21.46,21.45,21.46,21.51,21.52,21.5,21.52
202109141954,21.46,21.48,21.45,21.46,21.52,21.55,21.51,21.52
202109141955,21.46,21.49,21.46,21.49,21.52,21.54,21.51,21.54
202109141956,21.49,21.5,21.47,21.47,21.54,21.55,21.53,21.53
202109141957,21.47,21.48,21.46,21.46,21.53,21.56,21.51,21.52
202109141958,21.46,21.47,21.46,21.46,21.52,21.52,21.51,21.52
202109141959,21.46,21.46,21.45,21.46,21.52,21.52,21.5,21.51
202109142000,21.46,21.46,21.46,21.46,21.51,21.52,21.51,21.51
202109142001,21.45,21.46,21.45,21.45,21.5,21.51,21.5,21.5
202109142002,21.45,21.45,21.45,21.45,21.5,21.5,21.5,21.5
202109142003,21.46,21.46,21.45,21.46,21.51,21.51,21.5,21.51
202109142004,21.46,21.46,21.45,21.46,21.51,21.51,21.5,21.51
202109142005,21.46,21.46,21.42,21.44,21.51,21.51,21.48,21.49
202109142006,21.45,21.46,21.43,21.46,21.5,21.51,21.49,21.51
202109142007,21.46,21.46,21.45,21.45,21.51,21.51,21.5,21.5
202109142008,21.45,21.47,21.45,21.46,21.5,21.53,21.5,21.51
202109142009,21.46,21.49,21.46,21.49,21.51,21.54,21.51,21.54
202109142010,21.49,21.5,21.49,21.5,21.54,21.55,21.54,21.55
202109142011,21.5,21.51,21.5,21.51,21.55,21.57,21.55,21.56
202109142012,21.51,21.51,21.5,21.51,21.56,21.56,21.55,21.56
202109142013,21.51,21.51,21.51,21.51,21.56,21.57,21.56,21.56
202109142014,21.51,21.51,21.51,21.51,21.56,21.56,21.56,21.56
202109142015,21.51,21.51,21.51,21.51,21.56,21.56,21.56,21.56
202109142016,21.51,21.52,21.51,21.51,21.56,21.58,21.56,21.56
202109142017,21.51,21.51,21.51,21.51,21.56,21.56,21.56,21.56
202109142018,21.51,21.51,21.51,21.51,21.56,21.57,21.56,21.56
202109142019,21.51,21.51,21.51,21.51,21.56,21.57,21.56,21.56
202109142020,21.51,21.51,21.51,21.51,21.56,21.56,21.56,21.56
202109142021,21.51,21.51,21.5,21.51,21.56,21.56,21.55,21.56
202109142022,21.51,21.51,21.51,21.51,21.56,21.57,21.56,21.56
202109142023,21.51,21.51,21.5,21.51,21.56,21.56,21.55,21.56
202109142024,21.51,21.51,21.51,21.51,21.56,21.56,21.56,21.56
202109142025,21.51,21.51,21.51,21.51,21.56,21.57,21.56,21.56
202109142026,21.51,21.51,21.51,21.51,21.56,21.56,21.56,21.56
202109142027,21.51,21.51,21.51,21.51,21.56,21.56,21.56,21.56
202109142028,21.51,21.54,21.51,21.54,21.56,21.59,21.56,21.59
202109142029,21.54,21.55,21.52,21.55,21.59,21.6,21.58,21.6
202109142030,21.55,21.55,21.5,21.52,21.6,21.61,21.57,21.58
202109142031,21.52,21.55,21.52,21.55,21.58,21.6,21.58,21.6
202109142032,21.55,21.55,21.54,21.54,21.6,21.6,21.59,21.59
202109142033,21.54,21.55,21.54,21.54,21.59,21.6,21.59,21.59
202109142034,21.54,21.54,21.5,21.54,21.59,21.6,21.57,21.59
202109142035,21.54,21.55,21.52,21.53,21.59,21.6,21.58,21.59
202109142036,21.53,21.54,21.5,21.53,21.59,21.6,21.58,21.59
202109142037,21.53,21.54,21.5,21.52,21.59,21.62,21.58,21.58
202109142038,21.52,21.54,21.52,21.54,21.58,21.59,21.58,21.59
202109142039,21.54,21.54,21.54,21.54,21.59,21.59,21.59,21.59
202109142040,21.54,21.54,21.53,21.54,21.59,21.59,21.59,21.59
202109142041,21.54,21.54,21.52,21.52,21.59,21.59,21.58,21.59
202109142042,21.52,21.52,21.51,21.51,21.59,21.59,21.56,21.56
202109142043,21.51,21.51,21.51,21.51,21.56,21.56,21.56,21.56
202109142044,21.51,21.56,21.51,21.56,21.56,21.61,21.56,21.61
202109142045,21.56,21.6,21.56,21.6,21.61,21.65,21.61,21.65
202109142046,21.6,21.6,21.56,21.59,21.65,21.65,21.63,21.64
202109142047,21.59,21.59,21.55,21.59,21.64,21.65,21.63,21.64
202109142048,21.59,21.6,21.59,21.6,21.64,21.65,21.64,21.65
202109142049,21.6,21.6,21.59,21.6,21.65,21.65,21.64,21.65
202109142050,21.6,21.68,21.6,21.66,21.65,21.74,21.65,21.73
202109142051,21.66,21.7,21.66,21.68,21.73,21.75,21.73,21.74
202109142052,21.68,21.7,21.66,21.69,21.74,21.76,21.73,21.74
202109142053,21.7,21.74,21.7,21.71,21.75,21.8,21.75,21.76
202109142054,21.7,21.73,21.7,21.71,21.75,21.79,21.75,21.76
202109142055,21.7,21.73,21.69,21.69,21.75,21.79,21.74,21.74
202109142056,21.69,21.69,21.66,21.67,21.74,21.76,21.71,21.73
202109142057,21.67,21.69,21.66,21.66,21.73,21.76,21.72,21.72
202109142058,21.66,21.67,21.66,21.67,21.72,21.73,21.71,21.73
202109142059,21.67,21.67,21.66,21.67,21.73,21.76,21.71,21.73
202109142100,21.67,21.7,21.67,21.69,21.73,21.75,21.73,21.74
202109142101,21.69,21.69,21.66,21.66,21.74,21.74,21.71,21.71
202109142102,21.65,21.65,21.61,21.61,21.7,21.7,21.66,21.66
202109142103,21.61,21.61,21.61,21.61,21.66,21.66,21.66,21.66
202109142104,21.6,21.61,21.6,21.6,21.65,21.66,21.65,21.65
202109142105,21.6,21.61,21.6,21.61,21.65,21.66,21.65,21.66
202109142106,21.61,21.61,21.6,21.61,21.66,21.66,21.65,21.66
202109142107,21.61,21.66,21.61,21.66,21.66,21.71,21.66,21.71
202109142108,21.66,21.66,21.65,21.65,21.71,21.71,21.7,21.7
202109142109,21.66,21.66,21.64,21.64,21.71,21.71,21.69,21.69
202109142110,21.65,21.66,21.64,21.66,21.7,21.72,21.69,21.71
202109142111,21.66,21.66,21.65,21.66,21.71,21.72,21.7,21.71
202109142112,21.66,21.66,21.66,21.66,21.71,21.72,21.71,21.71
202109142113,21.66,21.66,21.65,21.65,21.71,21.71,21.7,21.7
202109142114,21.65,21.65,21.61,21.61,21.7,21.7,21.66,21.67
202109142115,21.61,21.61,21.6,21.61,21.67,21.67,21.65,21.66
202109142116,21.6,21.6,21.6,21.6,21.65,21.65,21.65,21.65
202109142117,21.6,21.6,21.6,21.6,21.65,21.65,21.65,21.65
202109142118,21.6,21.62,21.6,21.62,21.65,21.68,21.65,21.68
202109142119,21.63,21.64,21.61,21.61,21.69,21.69,21.66,21.66
202109142120,21.61,21.62,21.61,21.61,21.66,21.68,21.66,21.66
202109142121,21.61,21.62,21.61,21.61,21.66,21.68,21.66,21.66
202109142122,21.61,21.62,21.61,21.62,21.66,21.68,21.66,21.68
202109142123,21.62,21.62,21.61,21.61,21.68,21.68,21.66,21.67
202109142124,21.61,21.62,21.61,21.62,21.67,21.68,21.66,21.68
202109142125,21.62,21.62,21.61,21.61,21.68,21.68,21.66,21.66
202109142126,21.61,21.62,21.61,21.62,21.66,21.68,21.66,21.68
202109142127,21.62,21.62,21.61,21.61,21.68,21.68,21.66,21.67
202109142128,21.61,21.61,21.61,21.61,21.67,21.67,21.66,21.66
202109142129,21.61,21.61,21.61,21.61,21.66,21.67,21.66,21.66
202109142130,21.61,21.61,21.21,21.24,21.66,21.66,21.26,21.29
202109142131,21.24,21.25,21.16,21.21,21.29,21.32,21.21,21.27
202109142132,21.21,21.22,21.11,21.14,21.27,21.32,21.16,21.19
202109142133,21.15,21.15,21.09,21.09,21.2,21.2,21.14,21.14
202109142134,21.09,21.09,21.04,21.08,21.14,21.14,21.09,21.13
202109142135,21.08,21.08,21.01,21.04,21.13,21.14,21.08,21.09
202109142136,21.05,21.05,21.01,21.01,21.1,21.12,21.06,21.06
202109142137,21.01,21.02,21.01,21.01,21.06,21.08,21.06,21.06
202109142138,21.01,21.03,21.01,21.02,21.06,21.12,21.06,21.08
202109142139,21.02,21.05,21.01,21.02,21.08,21.1,21.07,21.08
202109142140,21.02,21.04,21.01,21.02,21.08,21.12,21.08,21.08
202109142141,21.02,21.04,21.01,21.04,21.08,21.09,21.06,21.09
202109142142,21.04,21.04,21,21.01,21.09,21.09,21.05,21.07
202109142143,21.01,21.03,21.01,21.01,21.07,21.12,21.06,21.08
202109142144,21.01,21.03,21.01,21.03,21.08,21.12,21.07,21.09
202109142145,21.03,21.03,21.02,21.02,21.09,21.12,21.08,21.08
202109142146,21.02,21.02,21.01,21.01,21.08,21.08,21.06,21.06
202109142147,21.01,21.04,21.01,21.01,21.06,21.09,21.06,21.07
202109142148,21.01,21.01,21.01,21.01,21.07,21.07,21.06,21.06
202109142149,21.01,21.02,21.01,21.01,21.06,21.08,21.06,21.06
202109142150,21.01,21.01,21.01,21.01,21.06,21.06,21.06,21.06
202109142151,21.01,21.01,20.96,20.96,21.06,21.06,21.02,21.02
202109142152,20.97,20.97,20.96,20.96,21.03,21.03,21.01,21.02
202109142153,20.96,20.96,20.96,20.96,21.02,21.02,21.01,21.02
202109142154,20.97,20.98,20.97,20.97,21.03,21.04,21.03,21.03
202109142155,20.97,21,20.97,21,21.03,21.05,21.03,21.05
202109142156,21,21.04,20.99,21.03,21.05,21.09,21.04,21.08
202109142157,21.04,21.09,21.03,21.09,21.09,21.14,21.09,21.14
202109142158,21.09,21.14,21.09,21.14,21.14,21.19,21.14,21.19
202109142159,21.13,21.14,21.11,21.11,21.18,21.19,21.16,21.17
202109142200,21.11,21.11,21.06,21.06,21.17,21.17,21.12,21.12
202109142201,21.06,21.09,21.06,21.09,21.12,21.14,21.11,21.14
202109142202,21.09,21.09,21.07,21.08,21.14,21.14,21.13,21.14
202109142203,21.08,21.09,21.08,21.09,21.14,21.14,21.13,21.14
202109142204,21.09,21.09,21.06,21.07,21.14,21.14,21.13,21.13
202109142205,21.07,21.07,21.06,21.07,21.13,21.16,21.12,21.13
202109142206,21.07,21.09,21.07,21.07,21.13,21.14,21.13,21.13
202109142207,21.07,21.07,21.06,21.06,21.13,21.13,21.11,21.11
202109142208,21.06,21.06,21.06,21.06,21.11,21.11,21.11,21.11
202109142209,21.06,21.07,21.06,21.06,21.11,21.13,21.11,21.12
202109142210,21.06,21.06,21.06,21.06,21.12,21.12,21.11,21.11
202109142211,21.06,21.06,21.06,21.06,21.11,21.11,21.11,21.11
202109142212,21.06,21.07,21.06,21.07,21.11,21.14,21.11,21.13
202109142213,21.06,21.06,21.06,21.06,21.12,21.12,21.11,21.11
202109142214,21.06,21.06,21.06,21.06,21.11,21.12,21.11,21.11
202109142215,21.06,21.06,21.06,21.06,21.11,21.12,21.11,21.12
202109142216,21.06,21.07,21.06,21.06,21.12,21.13,21.11,21.11
202109142217,21.06,21.06,21.05,21.05,21.11,21.11,21.1,21.1
202109142218,21.05,21.06,21.05,21.05,21.1,21.12,21.1,21.1
202109142219,21.05,21.05,21.05,21.05,21.1,21.1,21.1,21.1
202109142220,21.05,21.05,21.04,21.04,21.1,21.1,21.09,21.09
202109142221,21.04,21.05,21.04,21.05,21.09,21.1,21.09,21.1
202109142222,21.05,21.05,21.04,21.04,21.1,21.1,21.09,21.09
202109142223,21.04,21.05,21.02,21.02,21.09,21.1,21.08,21.08
202109142224,21.02,21.02,21.01,21.02,21.08,21.08,21.08,21.08
202109142225,21.02,21.02,21.01,21.01,21.08,21.08,21.07,21.07
202109142226,21.01,21.01,21.01,21.01,21.07,21.07,21.06,21.06
202109142227,21,21,20.96,20.97,21.05,21.06,21.02,21.03
202109142228,20.97,20.99,20.97,20.99,21.03,21.04,21.03,21.04
202109142229,20.98,20.99,20.98,20.98,21.03,21.04,21.03,21.04
202109142230,20.98,20.98,20.88,20.94,21.04,21.04,20.94,20.99
202109142231,20.95,21.01,20.95,20.99,21,21.06,21,21.04
202109142232,20.99,21.02,20.91,20.91,21.04,21.09,20.96,20.97
202109142233,20.91,20.96,20.9,20.92,20.97,21.02,20.95,20.98
202109142234,20.92,21.01,20.91,21.01,20.98,21.07,20.96,21.06
202109142235,20.99,20.99,20.86,20.89,21.04,21.04,20.92,20.94
202109142236,20.89,20.94,20.86,20.94,20.94,20.99,20.91,20.99
202109142237,20.95,20.95,20.9,20.91,21,21,20.95,20.96
202109142238,20.9,20.91,20.86,20.86,20.95,20.97,20.92,20.93
202109142239,20.86,20.99,20.86,20.99,20.93,21.04,20.93,21.04
202109142240,20.99,20.99,20.95,20.99,21.04,21.05,21,21.04
202109142241,21,21.01,20.95,20.99,21.05,21.07,21,21.04
202109142242,20.99,20.99,20.96,20.99,21.04,21.04,21.01,21.04
202109142243,20.99,21.04,20.95,21.01,21.04,21.09,21.01,21.06
202109142244,21.01,21.01,20.96,20.99,21.07,21.07,21.03,21.04
202109142245,20.99,21.09,20.97,21.06,21.04,21.14,21.03,21.11
202109142246,21.06,21.06,21.01,21.02,21.11,21.11,21.07,21.08
202109142247,21.02,21.03,21,21.02,21.08,21.09,21.05,21.08
202109142248,21.02,21.05,21.01,21.04,21.08,21.1,21.08,21.09
202109142249,21.04,21.1,21.04,21.1,21.09,21.15,21.09,21.15
202109142250,21.1,21.1,21.01,21.06,21.15,21.15,21.06,21.11
202109142251,21.06,21.11,21.06,21.11,21.11,21.17,21.11,21.16
202109142252,21.11,21.14,21.06,21.13,21.16,21.19,21.13,21.19
202109142253,21.12,21.17,21.12,21.17,21.18,21.24,21.18,21.23
202109142254,21.17,21.24,21.16,21.21,21.23,21.29,21.21,21.26
202109142255,21.21,21.21,21.18,21.21,21.26,21.26,21.23,21.26
202109142256,21.19,21.29,21.19,21.29,21.24,21.34,21.24,21.34
202109142257,21.29,21.29,21.23,21.23,21.34,21.34,21.29,21.29
202109142258,21.23,21.29,21.21,21.26,21.29,21.35,21.26,21.31
202109142259,21.26,21.29,21.25,21.28,21.31,21.35,21.31,21.34
202109142300,21.28,21.49,21.28,21.47,21.34,21.54,21.34,21.53
202109142301,21.47,21.55,21.41,21.55,21.53,21.6,21.48,21.6
202109142302,21.54,21.55,21.46,21.51,21.59,21.6,21.53,21.56
202109142303,21.5,21.54,21.45,21.45,21.55,21.59,21.5,21.5
202109142304,21.45,21.45,21.4,21.43,21.5,21.5,21.45,21.49
202109142305,21.43,21.47,21.42,21.46,21.49,21.54,21.48,21.51
202109142306,21.46,21.46,21.36,21.39,21.51,21.51,21.42,21.44
202109142307,21.39,21.4,21.35,21.37,21.44,21.45,21.43,21.43
202109142308,21.37,21.37,21.36,21.36,21.43,21.43,21.41,21.41
202109142309,21.36,21.39,21.36,21.36,21.41,21.44,21.41,21.41
202109142310,21.36,21.4,21.35,21.37,21.41,21.45,21.41,21.43
202109142311,21.37,21.41,21.34,21.41,21.43,21.47,21.39,21.46
202109142312,21.41,21.41,21.34,21.36,21.46,21.47,21.39,21.41
202109142313,21.36,21.36,21.29,21.33,21.41,21.41,21.34,21.39
202109142314,21.33,21.37,21.33,21.36,21.39,21.43,21.39,21.42
202109142315,21.37,21.37,21.31,21.31,21.43,21.43,21.36,21.36
202109142316,21.31,21.35,21.3,21.32,21.36,21.4,21.36,21.38
202109142317,21.31,21.34,21.3,21.31,21.38,21.4,21.36,21.36
202109142318,21.31,21.31,21.19,21.25,21.36,21.36,21.24,21.3
202109142319,21.25,21.25,21.24,21.24,21.3,21.3,21.29,21.29
202109142320,21.25,21.25,21.2,21.24,21.3,21.3,21.25,21.29
202109142321,21.26,21.34,21.26,21.27,21.31,21.39,21.31,21.33
202109142322,21.27,21.33,21.27,21.28,21.33,21.39,21.33,21.33
202109142323,21.29,21.32,21.26,21.28,21.34,21.39,21.33,21.34
202109142324,21.28,21.34,21.26,21.34,21.34,21.39,21.32,21.39
202109142325,21.34,21.37,21.31,21.37,21.39,21.43,21.36,21.43
202109142326,21.39,21.4,21.36,21.36,21.44,21.45,21.41,21.41
202109142327,21.36,21.36,21.3,21.32,21.41,21.41,21.36,21.38
202109142328,21.32,21.34,21.29,21.3,21.38,21.39,21.34,21.35
202109142329,21.3,21.31,21.26,21.26,21.35,21.37,21.31,21.31
202109142330,21.26,21.32,21.25,21.27,21.31,21.38,21.31,21.33
202109142331,21.27,21.32,21.26,21.31,21.33,21.39,21.32,21.36
202109142332,21.31,21.34,21.26,21.27,21.36,21.4,21.33,21.33
202109142333,21.27,21.34,21.26,21.33,21.33,21.39,21.31,21.38
202109142334,21.34,21.38,21.31,21.34,21.39,21.44,21.37,21.39
202109142335,21.34,21.39,21.31,21.37,21.39,21.44,21.38,21.43
202109142336,21.37,21.4,21.28,21.4,21.43,21.45,21.34,21.45
202109142337,21.39,21.39,21.32,21.34,21.44,21.44,21.38,21.39
202109142338,21.35,21.44,21.35,21.44,21.4,21.49,21.4,21.49
202109142339,21.45,21.54,21.45,21.51,21.5,21.59,21.5,21.57
202109142340,21.51,21.54,21.46,21.51,21.57,21.59,21.51,21.58
202109142341,21.51,21.53,21.5,21.52,21.58,21.59,21.55,21.57
202109142342,21.51,21.51,21.46,21.46,21.56,21.56,21.51,21.51
202109142343,21.46,21.46,21.45,21.46,21.51,21.52,21.5,21.51
202109142344,21.45,21.49,21.45,21.46,21.5,21.54,21.5,21.51
202109142345,21.46,21.48,21.4,21.44,21.51,21.54,21.46,21.49
202109142346,21.44,21.45,21.37,21.37,21.49,21.5,21.43,21.43
202109142347,21.37,21.39,21.36,21.39,21.43,21.44,21.41,21.44
202109142348,21.39,21.53,21.39,21.52,21.44,21.59,21.44,21.58
202109142349,21.52,21.56,21.51,21.51,21.58,21.61,21.57,21.58
202109142350,21.51,21.57,21.51,21.56,21.58,21.63,21.58,21.61
202109142351,21.56,21.57,21.53,21.55,21.61,21.65,21.59,21.65
202109142352,21.55,21.56,21.45,21.49,21.65,21.65,21.5,21.54
202109142353,21.49,21.49,21.45,21.49,21.54,21.54,21.5,21.54
202109142354,21.51,21.52,21.46,21.46,21.56,21.59,21.51,21.51
202109142355,21.46,21.53,21.44,21.51,21.51,21.59,21.49,21.58
202109142356,21.52,21.59,21.5,21.56,21.58,21.64,21.58,21.61
202109142357,21.56,21.56,21.5,21.51,21.61,21.62,21.55,21.56
202109142358,21.51,21.51,21.5,21.5,21.56,21.57,21.55,21.55
202109142359,21.51,21.51,21.46,21.48,21.56,21.56,21.51,21.53
202109150000,21.48,21.48,21.41,21.41,21.53,21.55,21.46,21.46
202109150001,21.41,21.42,21.36,21.4,21.46,21.48,21.41,21.45
202109150002,21.4,21.4,21.36,21.36,21.45,21.45,21.41,21.41
202109150003,21.36,21.39,21.36,21.38,21.41,21.44,21.41,21.44
202109150004,21.38,21.39,21.36,21.37,21.44,21.44,21.41,21.43
202109150005,21.38,21.39,21.36,21.36,21.44,21.44,21.41,21.42
202109150006,21.37,21.39,21.33,21.34,21.43,21.44,21.38,21.39
202109150007,21.34,21.35,21.33,21.34,21.39,21.4,21.39,21.39
202109150008,21.34,21.35,21.32,21.32,21.39,21.4,21.38,21.38
202109150009,21.32,21.34,21.31,21.34,21.38,21.39,21.38,21.39
202109150010,21.34,21.35,21.33,21.34,21.39,21.4,21.39,21.39
202109150011,21.34,21.34,21.3,21.3,21.39,21.39,21.35,21.35
202109150012,21.3,21.32,21.3,21.32,21.35,21.39,21.35,21.38
202109150013,21.33,21.34,21.32,21.33,21.39,21.39,21.38,21.38
202109150014,21.34,21.34,21.31,21.31,21.39,21.39,21.36,21.37
202109150015,21.31,21.35,21.31,21.35,21.37,21.4,21.36,21.4
202109150016,21.35,21.35,21.3,21.3,21.4,21.4,21.35,21.35
202109150017,21.3,21.31,21.29,21.31,21.35,21.37,21.34,21.37
202109150018,21.31,21.35,21.31,21.35,21.37,21.4,21.37,21.4
202109150019,21.35,21.39,21.33,21.39,21.4,21.44,21.39,21.44
202109150020,21.39,21.39,21.34,21.36,21.44,21.44,21.39,21.41
202109150021,21.35,21.36,21.3,21.33,21.4,21.41,21.38,21.38
202109150022,21.34,21.37,21.32,21.36,21.39,21.44,21.38,21.41
202109150023,21.36,21.36,21.3,21.32,21.41,21.42,21.35,21.38
202109150024,21.31,21.31,21.29,21.29,21.37,21.37,21.34,21.34
202109150025,21.29,21.31,21.29,21.3,21.34,21.37,21.34,21.35
202109150026,21.3,21.33,21.3,21.31,21.35,21.39,21.35,21.37
202109150027,21.32,21.34,21.31,21.34,21.38,21.39,21.36,21.39
202109150028,21.34,21.34,21.29,21.3,21.39,21.39,21.34,21.35
202109150029,21.29,21.3,21.26,21.27,21.34,21.35,21.32,21.33
202109150030,21.27,21.28,21.21,21.25,21.33,21.35,21.27,21.3
202109150031,21.26,21.27,21.24,21.27,21.31,21.35,21.29,21.33
202109150032,21.26,21.27,21.25,21.25,21.32,21.35,21.3,21.3
202109150033,21.25,21.25,21.21,21.21,21.3,21.3,21.26,21.26
202109150034,21.21,21.21,21.2,21.2,21.26,21.27,21.25,21.25
202109150035,21.2,21.24,21.2,21.22,21.25,21.29,21.25,21.28
202109150036,21.21,21.24,21.21,21.21,21.27,21.29,21.26,21.27
202109150037,21.21,21.21,21.16,21.17,21.27,21.27,21.22,21.24
202109150038,21.16,21.17,21.15,21.15,21.22,21.23,21.2,21.2
202109150039,21.15,21.16,21.15,21.16,21.2,21.22,21.2,21.21
202109150040,21.15,21.15,21.12,21.12,21.2,21.2,21.18,21.18
202109150041,21.11,21.12,21.11,21.11,21.17,21.18,21.16,21.17
202109150042,21.11,21.12,21.11,21.11,21.17,21.18,21.16,21.17
202109150043,21.11,21.12,21.11,21.11,21.17,21.18,21.16,21.16
202109150044,21.11,21.11,21.1,21.11,21.16,21.17,21.15,21.16
202109150045,21.11,21.11,21.1,21.11,21.16,21.17,21.15,21.16
202109150046,21.11,21.14,21.11,21.14,21.16,21.19,21.16,21.19
202109150047,21.15,21.2,21.15,21.17,21.2,21.25,21.2,21.23
202109150048,21.17,21.19,21.15,21.16,21.23,21.25,21.22,21.22
202109150049,21.16,21.16,21.14,21.14,21.22,21.22,21.19,21.19
202109150050,21.14,21.15,21.11,21.14,21.19,21.21,21.17,21.19
202109150051,21.14,21.16,21.14,21.16,21.19,21.22,21.19,21.22
202109150052,21.17,21.21,21.16,21.2,21.23,21.26,21.21,21.25
202109150053,21.2,21.24,21.19,21.23,21.25,21.29,21.24,21.29
202109150054,21.23,21.25,21.23,21.24,21.29,21.3,21.28,21.29
202109150055,21.25,21.25,21.15,21.15,21.3,21.3,21.21,21.25
202109150056,21.15,21.17,21.13,21.15,21.25,21.25,21.19,21.2
202109150057,21.15,21.15,21.14,21.15,21.2,21.2,21.19,21.2
202109150058,21.16,21.19,21.16,21.16,21.21,21.24,21.21,21.23
202109150059,21.16,21.16,21.11,21.11,21.23,21.23,21.16,21.16
202109150100,21.11,21.14,21.08,21.11,21.16,21.19,21.14,21.16
202109150101,21.11,21.11,21.07,21.07,21.16,21.16,21.13,21.13
202109150102,21.07,21.1,21.06,21.09,21.13,21.15,21.11,21.14
202109150103,21.1,21.1,21.09,21.1,21.15,21.15,21.14,21.15
202109150104,21.09,21.1,21.09,21.09,21.14,21.15,21.14,21.14
202109150105,21.1,21.14,21.1,21.14,21.15,21.2,21.15,21.19
202109150106,21.13,21.14,21.13,21.13,21.18,21.19,21.18,21.19
202109150107,21.13,21.14,21.13,21.14,21.19,21.19,21.18,21.19
202109150108,21.14,21.14,21.13,21.14,21.19,21.19,21.19,21.19
202109150109,21.14,21.14,21.14,21.14,21.19,21.19,21.19,21.19
202109150110,21.15,21.17,21.15,21.16,21.2,21.24,21.2,21.21
202109150111,21.16,21.16,21.15,21.16,21.21,21.21,21.2,21.21
202109150112,21.15,21.16,21.15,21.16,21.2,21.21,21.2,21.21
202109150113,21.16,21.16,21.15,21.15,21.21,21.21,21.2,21.2
202109150114,21.15,21.15,21.11,21.11,21.2,21.2,21.16,21.16
202109150115,21.11,21.11,21.1,21.1,21.16,21.16,21.15,21.15
202109150116,21.1,21.14,21.1,21.14,21.15,21.19,21.15,21.19
202109150117,21.14,21.16,21.13,21.16,21.19,21.22,21.19,21.22
202109150118,21.16,21.16,21.15,21.15,21.22,21.22,21.2,21.2
202109150119,21.15,21.19,21.15,21.19,21.2,21.25,21.2,21.24
202109150120,21.2,21.2,21.2,21.2,21.25,21.25,21.25,21.25
202109150121,21.19,21.2,21.18,21.19,21.24,21.25,21.24,21.24
202109150122,21.19,21.21,21.19,21.21,21.24,21.27,21.24,21.27
202109150123,21.21,21.23,21.2,21.21,21.27,21.3,21.27,21.27
202109150124,21.21,21.24,21.21,21.24,21.27,21.29,21.26,21.29
202109150125,21.24,21.24,21.23,21.24,21.29,21.29,21.29,21.29
202109150126,21.24,21.24,21.21,21.23,21.29,21.29,21.28,21.29
202109150127,21.23,21.23,21.17,21.19,21.29,21.29,21.23,21.24
202109150128,21.19,21.19,21.19,21.19,21.24,21.24,21.24,21.24
202109150129,21.19,21.19,21.17,21.19,21.24,21.24,21.23,21.24
202109150130,21.19,21.24,21.19,21.24,21.24,21.29,21.24,21.29
202109150131,21.24,21.29,21.24,21.27,21.29,21.34,21.29,21.33
202109150132,21.28,21.28,21.23,21.24,21.34,21.34,21.29,21.29
202109150133,21.24,21.25,21.23,21.25,21.29,21.3,21.29,21.3
202109150134,21.25,21.25,21.25,21.25,21.3,21.3,21.3,21.3
202109150135,21.25,21.25,21.23,21.25,21.3,21.3,21.29,21.3
202109150136,21.25,21.29,21.25,21.29,21.3,21.34,21.3,21.34
202109150137,21.29,21.31,21.28,21.3,21.34,21.36,21.33,21.35
202109150138,21.3,21.33,21.29,21.32,21.35,21.4,21.35,21.38
202109150139,21.33,21.34,21.31,21.34,21.39,21.39,21.36,21.39
202109150140,21.36,21.44,21.35,21.41,21.41,21.49,21.4,21.46
202109150141,21.4,21.47,21.4,21.46,21.45,21.53,21.45,21.51
202109150142,21.46,21.46,21.4,21.44,21.51,21.51,21.45,21.49
202109150143,21.44,21.47,21.43,21.44,21.49,21.54,21.49,21.49
202109150144,21.44,21.47,21.42,21.46,21.49,21.53,21.48,21.51
202109150145,21.46,21.48,21.44,21.47,21.51,21.54,21.49,21.53
202109150146,21.47,21.47,21.41,21.44,21.53,21.53,21.47,21.49
202109150147,21.44,21.45,21.39,21.39,21.49,21.5,21.44,21.44
202109150148,21.39,21.39,21.35,21.37,21.44,21.45,21.41,21.43
202109150149,21.37,21.42,21.35,21.42,21.43,21.48,21.43,21.48
202109150150,21.42,21.44,21.4,21.44,21.48,21.5,21.46,21.49
202109150151,21.43,21.45,21.41,21.41,21.48,21.5,21.46,21.47
202109150152,21.41,21.42,21.4,21.42,21.47,21.48,21.45,21.48
202109150153,21.43,21.43,21.41,21.41,21.49,21.49,21.46,21.46
202109150154,21.41,21.42,21.41,21.41,21.46,21.48,21.46,21.46
202109150155,21.41,21.44,21.4,21.44,21.46,21.49,21.45,21.49
202109150156,21.44,21.44,21.41,21.43,21.49,21.49,21.46,21.48
202109150157,21.44,21.46,21.42,21.46,21.49,21.51,21.48,21.51
202109150158,21.46,21.46,21.44,21.46,21.51,21.51,21.49,21.51
202109150159,21.45,21.48,21.45,21.47,21.5,21.55,21.5,21.53
202109150200,21.47,21.49,21.4,21.4,21.53,21.54,21.45,21.45
202109150201,21.41,21.41,21.39,21.4,21.46,21.46,21.44,21.45
202109150202,21.4,21.4,21.37,21.37,21.45,21.45,21.43,21.43
202109150203,21.37,21.4,21.37,21.4,21.43,21.45,21.43,21.45
202109150204,21.4,21.47,21.4,21.47,21.45,21.53,21.45,21.53
202109150205,21.47,21.53,21.46,21.52,21.53,21.6,21.51,21.58
202109150206,21.52,21.55,21.5,21.55,21.58,21.6,21.56,21.6
202109150207,21.55,21.59,21.55,21.59,21.6,21.64,21.6,21.64
202109150208,21.59,21.61,21.56,21.57,21.64,21.67,21.63,21.63
202109150209,21.56,21.59,21.56,21.59,21.62,21.64,21.61,21.64
202109150210,21.59,21.63,21.57,21.58,21.64,21.69,21.63,21.64
202109150211,21.58,21.58,21.51,21.52,21.64,21.64,21.56,21.58
202109150212,21.52,21.57,21.51,21.51,21.58,21.65,21.58,21.58
202109150213,21.51,21.56,21.51,21.56,21.58,21.62,21.58,21.61
202109150214,21.56,21.59,21.56,21.58,21.61,21.64,21.61,21.64
202109150215,21.58,21.59,21.5,21.51,21.64,21.64,21.57,21.57
202109150216,21.51,21.52,21.5,21.51,21.57,21.6,21.56,21.56
202109150217,21.51,21.52,21.51,21.51,21.56,21.58,21.56,21.56
202109150218,21.51,21.51,21.45,21.45,21.56,21.57,21.5,21.5
202109150219,21.45,21.45,21.42,21.44,21.5,21.5,21.48,21.49
202109150220,21.44,21.44,21.41,21.41,21.49,21.49,21.46,21.47
202109150221,21.41,21.42,21.4,21.42,21.47,21.5,21.47,21.48
202109150222,21.42,21.44,21.42,21.43,21.48,21.49,21.48,21.49
202109150223,21.43,21.47,21.42,21.46,21.49,21.53,21.48,21.51
202109150224,21.46,21.47,21.4,21.44,21.51,21.53,21.46,21.49
202109150225,21.44,21.46,21.41,21.42,21.49,21.51,21.47,21.48
202109150226,21.43,21.45,21.41,21.42,21.49,21.51,21.48,21.48
202109150227,21.42,21.44,21.41,21.44,21.48,21.51,21.46,21.49
202109150228,21.44,21.44,21.41,21.41,21.49,21.51,21.46,21.47
202109150229,21.41,21.41,21.41,21.41,21.47,21.47,21.46,21.46
202109150230,21.41,21.47,21.41,21.42,21.46,21.54,21.46,21.48
202109150231,21.42,21.48,21.42,21.45,21.48,21.55,21.48,21.55
202109150232,21.45,21.49,21.45,21.49,21.55,21.55,21.53,21.54
202109150233,21.49,21.5,21.46,21.49,21.54,21.55,21.53,21.54
202109150234,21.49,21.49,21.45,21.47,21.54,21.55,21.5,21.53
202109150235,21.47,21.51,21.47,21.49,21.53,21.57,21.53,21.54
202109150236,21.49,21.49,21.41,21.42,21.54,21.54,21.48,21.48
202109150237,21.42,21.42,21.37,21.42,21.48,21.51,21.43,21.48
202109150238,21.42,21.43,21.36,21.39,21.48,21.5,21.43,21.44
202109150239,21.39,21.39,21.36,21.37,21.44,21.46,21.42,21.43
202109150240,21.37,21.42,21.37,21.41,21.43,21.48,21.43,21.46
202109150241,21.41,21.42,21.41,21.41,21.46,21.48,21.46,21.46
202109150242,21.41,21.41,21.41,21.41,21.46,21.47,21.46,21.46
202109150243,21.4,21.4,21.36,21.36,21.45,21.45,21.41,21.41
202109150244,21.36,21.38,21.35,21.36,21.41,21.45,21.41,21.41
202109150245,21.36,21.36,21.33,21.35,21.41,21.41,21.38,21.4
202109150246,21.35,21.36,21.35,21.36,21.4,21.41,21.4,21.41
202109150247,21.36,21.37,21.35,21.36,21.41,21.44,21.4,21.41
202109150248,21.35,21.39,21.35,21.39,21.4,21.44,21.4,21.44
202109150249,21.39,21.4,21.39,21.4,21.44,21.45,21.44,21.45
202109150250,21.4,21.41,21.39,21.4,21.45,21.46,21.44,21.45
202109150251,21.4,21.41,21.4,21.4,21.45,21.46,21.45,21.45
202109150252,21.4,21.4,21.33,21.33,21.45,21.45,21.38,21.39
202109150253,21.33,21.35,21.31,21.31,21.39,21.41,21.36,21.36
202109150254,21.31,21.34,21.31,21.34,21.36,21.39,21.36,21.39
202109150255,21.34,21.34,21.33,21.33,21.39,21.39,21.38,21.39
202109150256,21.33,21.37,21.3,21.37,21.39,21.43,21.37,21.43
202109150257,21.38,21.39,21.36,21.38,21.44,21.44,21.43,21.44
202109150258,21.38,21.4,21.38,21.39,21.44,21.45,21.44,21.44
202109150259,21.39,21.4,21.38,21.4,21.44,21.45,21.44,21.45
202109150300,21.4,21.46,21.4,21.45,21.45,21.53,21.45,21.5
202109150301,21.45,21.46,21.41,21.45,21.5,21.52,21.46,21.5
202109150302,21.45,21.47,21.44,21.46,21.5,21.54,21.49,21.51
202109150303,21.46,21.46,21.45,21.45,21.51,21.51,21.5,21.5
202109150304,21.46,21.47,21.45,21.46,21.51,21.55,21.51,21.51
202109150305,21.46,21.46,21.42,21.42,21.51,21.51,21.48,21.48
202109150306,21.42,21.43,21.38,21.43,21.48,21.48,21.44,21.48
202109150307,21.45,21.49,21.45,21.49,21.5,21.54,21.5,21.54
202109150308,21.49,21.51,21.47,21.5,21.54,21.57,21.53,21.55
202109150309,21.51,21.51,21.49,21.51,21.56,21.57,21.54,21.56
202109150310,21.51,21.51,21.49,21.51,21.56,21.57,21.54,21.57
202109150311,21.51,21.54,21.51,21.54,21.57,21.59,21.56,21.59
202109150312,21.54,21.54,21.53,21.53,21.59,21.59,21.59,21.59
202109150313,21.53,21.54,21.51,21.54,21.59,21.59,21.56,21.59
202109150314,21.54,21.54,21.54,21.54,21.59,21.59,21.59,21.59
202109150315,21.54,21.59,21.54,21.58,21.59,21.65,21.59,21.64
202109150316,21.58,21.59,21.55,21.58,21.64,21.64,21.6,21.64
202109150317,21.57,21.59,21.56,21.59,21.63,21.64,21.63,21.64
202109150318,21.57,21.6,21.57,21.6,21.63,21.65,21.63,21.65
202109150319,21.6,21.65,21.6,21.64,21.65,21.7,21.65,21.69
202109150320,21.64,21.72,21.64,21.66,21.69,21.78,21.69,21.71
202109150321,21.66,21.7,21.66,21.66,21.71,21.75,21.71,21.71
202109150322,21.66,21.68,21.65,21.68,21.71,21.75,21.71,21.74
202109150323,21.68,21.69,21.67,21.67,21.74,21.74,21.73,21.73
202109150324,21.66,21.67,21.64,21.64,21.72,21.73,21.69,21.69
202109150325,21.64,21.69,21.64,21.69,21.69,21.75,21.69,21.74
202109150326,21.69,21.7,21.69,21.7,21.74,21.75,21.74,21.75
202109150327,21.7,21.73,21.7,21.73,21.75,21.79,21.75,21.79
202109150328,21.73,21.73,21.66,21.66,21.79,21.79,21.71,21.71
202109150329,21.66,21.69,21.66,21.68,21.71,21.74,21.71,21.74
202109150330,21.68,21.75,21.68,21.73,21.74,21.8,21.74,21.79
202109150331,21.72,21.72,21.68,21.71,21.78,21.8,21.74,21.76
202109150332,21.71,21.74,21.71,21.72,21.76,21.79,21.76,21.78
202109150333,21.74,21.74,21.7,21.72,21.79,21.8,21.76,21.78
202109150334,21.72,21.78,21.72,21.78,21.78,21.84,21.78,21.83
202109150335,21.79,21.81,21.78,21.79,21.84,21.87,21.84,21.84
202109150336,21.8,21.85,21.8,21.84,21.85,21.9,21.85,21.89
202109150337,21.84,21.85,21.83,21.85,21.89,21.9,21.89,21.9
202109150338,21.86,21.86,21.76,21.79,21.91,21.91,21.81,21.84
202109150339,21.79,21.8,21.79,21.8,21.84,21.85,21.84,21.85
202109150340,21.8,21.8,21.74,21.75,21.85,21.85,21.79,21.8
202109150341,21.75,21.76,21.74,21.74,21.8,21.81,21.79,21.79
202109150342,21.74,21.78,21.74,21.76,21.79,21.84,21.79,21.82
202109150343,21.76,21.81,21.76,21.8,21.82,21.86,21.81,21.85
202109150344,21.8,21.81,21.76,21.76,21.85,21.87,21.81,21.81
202109150345,21.76,21.84,21.76,21.83,21.81,21.89,21.81,21.89
202109150346,21.83,21.84,21.81,21.81,21.89,21.89,21.86,21.86
202109150347,21.8,21.85,21.78,21.85,21.85,21.9,21.84,21.9
202109150348,21.85,21.85,21.83,21.85,21.9,21.9,21.89,21.9
202109150349,21.85,21.91,21.85,21.9,21.9,21.96,21.9,21.95
202109150350,21.91,21.95,21.85,21.85,21.96,22,21.9,21.9
202109150351,21.85,21.9,21.83,21.83,21.9,21.95,21.89,21.89
202109150352,21.83,21.85,21.82,21.85,21.89,21.9,21.88,21.9
202109150353,21.85,21.87,21.83,21.83,21.9,21.95,21.89,21.89
202109150354,21.83,21.84,21.76,21.76,21.89,21.89,21.81,21.82
202109150355,21.76,21.78,21.71,21.77,21.82,21.85,21.78,21.83
202109150356,21.77,21.79,21.75,21.76,21.83,21.85,21.81,21.81
202109150357,21.76,21.76,21.71,21.72,21.81,21.82,21.78,21.78
202109150358,21.72,21.76,21.66,21.66,21.78,21.82,21.71,21.71
202109150359,21.66,21.68,21.66,21.66,21.71,21.74,21.71,21.71
202109150400,21.66,21.71,21.66,21.69,21.71,21.76,21.71,21.74
202109150401,21.69,21.72,21.68,21.69,21.74,21.78,21.73,21.74
202109150402,21.69,21.71,21.69,21.71,21.74,21.77,21.74,21.76
202109150403,21.71,21.71,21.71,21.71,21.76,21.77,21.76,21.77
202109150404,21.72,21.75,21.7,21.7,21.78,21.8,21.75,21.75
202109150405,21.7,21.73,21.7,21.71,21.75,21.8,21.75,21.76
202109150406,21.71,21.72,21.66,21.66,21.76,21.77,21.71,21.71
202109150407,21.66,21.67,21.66,21.66,21.71,21.76,21.71,21.71
202109150408,21.66,21.66,21.63,21.66,21.71,21.71,21.69,21.71
202109150409,21.66,21.69,21.65,21.69,21.71,21.74,21.7,21.74
202109150410,21.7,21.7,21.69,21.7,21.75,21.75,21.74,21.75
202109150411,21.7,21.7,21.65,21.67,21.75,21.75,21.71,21.73
202109150412,21.68,21.69,21.65,21.66,21.74,21.75,21.71,21.71
202109150413,21.66,21.72,21.66,21.72,21.71,21.78,21.71,21.78
202109150414,21.72,21.74,21.71,21.74,21.78,21.79,21.78,21.79
202109150415,21.74,21.78,21.73,21.78,21.79,21.84,21.79,21.84
202109150416,21.77,21.81,21.77,21.8,21.83,21.87,21.83,21.85
202109150417,21.79,21.79,21.7,21.73,21.84,21.84,21.76,21.79
202109150418,21.73,21.8,21.73,21.79,21.79,21.85,21.78,21.84
202109150419,21.79,21.81,21.75,21.81,21.84,21.87,21.82,21.87
202109150420,21.81,21.85,21.81,21.85,21.87,21.9,21.86,21.9
202109150421,21.85,21.85,21.75,21.76,21.9,21.9,21.81,21.81
202109150422,21.76,21.76,21.7,21.71,21.81,21.81,21.75,21.76
202109150423,21.71,21.71,21.7,21.7,21.76,21.77,21.75,21.75
202109150424,21.65,21.73,21.65,21.71,21.7,21.8,21.7,21.76
202109150425,21.71,21.76,21.71,21.76,21.76,21.82,21.76,21.81
202109150426,21.75,21.81,21.75,21.76,21.8,21.86,21.8,21.81
202109150427,21.75,21.75,21.67,21.68,21.8,21.81,21.73,21.74
202109150428,21.68,21.72,21.68,21.72,21.74,21.78,21.74,21.78
202109150429,21.73,21.76,21.7,21.76,21.79,21.81,21.78,21.81
202109150430,21.76,21.81,21.76,21.8,21.81,21.87,21.81,21.85
202109150431,21.8,21.84,21.8,21.84,21.85,21.89,21.85,21.89
202109150432,21.84,21.85,21.76,21.76,21.89,21.9,21.81,21.81
202109150433,21.74,21.78,21.74,21.76,21.79,21.85,21.79,21.82
202109150434,21.76,21.79,21.72,21.74,21.82,21.84,21.78,21.79
202109150435,21.75,21.81,21.75,21.8,21.8,21.86,21.8,21.85
202109150436,21.8,21.83,21.8,21.83,21.85,21.89,21.85,21.88
202109150437,21.83,21.84,21.76,21.79,21.88,21.89,21.81,21.84
202109150438,21.8,21.8,21.76,21.79,21.85,21.85,21.81,21.84
202109150439,21.79,21.79,21.73,21.73,21.84,21.84,21.79,21.79
202109150440,21.73,21.78,21.73,21.74,21.79,21.85,21.79,21.79
202109150441,21.76,21.77,21.68,21.69,21.81,21.85,21.74,21.74
202109150442,21.69,21.74,21.69,21.73,21.74,21.79,21.74,21.78
202109150443,21.74,21.74,21.66,21.66,21.79,21.79,21.71,21.72
202109150444,21.66,21.69,21.61,21.68,21.72,21.74,21.68,21.74
202109150445,21.68,21.68,21.56,21.58,21.74,21.74,21.61,21.64
202109150446,21.57,21.67,21.57,21.66,21.63,21.73,21.63,21.71
202109150447,21.66,21.71,21.6,21.71,21.71,21.77,21.67,21.77
202109150448,21.71,21.77,21.71,21.77,21.77,21.83,21.76,21.83
202109150449,21.77,21.82,21.75,21.81,21.83,21.88,21.83,21.86
202109150450,21.79,21.82,21.75,21.76,21.84,21.88,21.81,21.81
202109150451,21.76,21.76,21.66,21.66,21.81,21.81,21.71,21.71
202109150452,21.63,21.65,21.56,21.56,21.69,21.7,21.61,21.62
202109150453,21.56,21.59,21.56,21.57,21.62,21.64,21.61,21.63
202109150454,21.57,21.57,21.46,21.52,21.63,21.63,21.51,21.58
202109150455,21.52,21.6,21.51,21.59,21.58,21.66,21.58,21.64
202109150456,21.59,21.64,21.56,21.56,21.64,21.7,21.61,21.63
202109150457,21.56,21.59,21.53,21.59,21.63,21.66,21.59,21.64
202109150458,21.59,21.59,21.42,21.42,21.64,21.64,21.48,21.48
202109150459,21.42,21.59,21.42,21.59,21.48,21.64,21.48,21.64
202109150500,21.58,21.59,21.55,21.55,21.63,21.64,21.6,21.6
202109150501,21.55,21.59,21.55,21.59,21.6,21.64,21.6,21.64
202109150502,21.59,21.59,21.45,21.45,21.64,21.64,21.5,21.5
202109150503,21.45,21.45,21.45,21.45,21.5,21.5,21.5,21.5
202109150504,21.45,21.45,21.4,21.4,21.5,21.5,21.45,21.45
202109150505,21.4,21.4,21.38,21.38,21.45,21.45,21.44,21.44
202109150506,21.38,21.38,21.35,21.35,21.44,21.44,21.4,21.4
202109150507,21.35,21.35,21.35,21.35,21.4,21.4,21.4,21.4
202109150508,21.34,21.35,21.33,21.34,21.39,21.4,21.39,21.39
202109150509,21.34,21.34,21.33,21.33,21.39,21.39,21.39,21.39
202109150510,21.33,21.33,21.31,21.31,21.39,21.39,21.36,21.36
202109150511,21.31,21.35,21.31,21.35,21.36,21.4,21.36,21.4
202109150512,21.35,21.35,21.34,21.34,21.4,21.4,21.39,21.39
202109150513,21.34,21.34,21.34,21.34,21.39,21.39,21.39,21.39
202109150514,21.34,21.35,21.33,21.35,21.39,21.4,21.39,21.4
