日時,始値(BID),高値(BID),安値(BID),終値(BID),始値(ASK),高値(ASK),安値(ASK),終値(ASK)
202107301600,6943.8,6951.5,6941.3,6951,6944.8,6952.5,6942.3,6952
202107301601,6951.3,6953.1,6947.8,6949.5,6952.3,6954.1,6948.8,6950.5
202107301602,6949.5,6949.5,6942.4,6948.1,6950.5,6950.5,6943.4,6949.1
202107301603,6948.1,6948.7,6945.1,6945.1,6949.1,6949.8,6946.1,6946.1
202107301604,6944.7,6944.8,6941.9,6944.8,6945.7,6945.8,6942.9,6945.8
202107301605,6944.7,6944.7,6940.4,6942.9,6945.7,6945.7,6941.4,6943.9
202107301606,6942.9,6942.9,6933.8,6935.1,6943.9,6943.9,6934.8,6936.1
202107301607,6935.5,6936.5,6929.6,6932.1,6936.5,6937.5,6930.6,6933.1
202107301608,6932.1,6939.8,6930.4,6938.5,6933.1,6940.8,6931.4,6939.5
202107301609,6938.5,6939.2,6934.6,6937.9,6939.5,6940.2,6935.6,6938.9
202107301610,6937.9,6937.9,6931.1,6933.6,6938.9,6938.9,6932.1,6934.6
202107301611,6933.6,6936.2,6932.4,6935.8,6934.6,6937.2,6933.4,6936.8
202107301612,6935.8,6936.2,6931.9,6935,6936.8,6937.2,6932.9,6936
202107301613,6935,6936.8,6932.8,6936.6,6936,6937.8,6933.8,6937.6
202107301614,6936.6,6936.6,6932.7,6933.7,6937.6,6937.6,6933.7,6934.7
202107301615,6933.7,6934.9,6925.6,6926.8,6934.7,6935.9,6926.6,6927.8
202107301616,6926.8,6928.6,6923.2,6928.4,6927.8,6929.6,6924.2,6929.4
202107301617,6928.4,6940.3,6927.6,6939.9,6929.4,6941.3,6928.6,6940.9
202107301618,6939.9,6946.1,6939.1,6943.8,6940.9,6947.1,6940.1,6944.8
202107301619,6943.6,6948.1,6942.9,6946.4,6944.6,6949.1,6943.9,6947.4
202107301620,6946.4,6948,6942.1,6945.1,6947.4,6949,6943.1,6946.1
202107301621,6945.1,6946.2,6943.4,6943.5,6946.1,6947.2,6944.4,6944.5
202107301622,6943.5,6944.4,6938.9,6939.1,6944.5,6945.4,6939.9,6940.1
202107301623,6939.1,6943.2,6938.4,6943.2,6940.1,6944.2,6939.4,6944.2
202107301624,6943.2,6943.8,6940.4,6943.4,6944.2,6944.8,6941.4,6944.4
202107301625,6943.4,6943.9,6937.9,6943.5,6944.4,6944.9,6938.9,6944.5
202107301626,6943.9,6943.9,6939.3,6943.7,6944.9,6944.9,6940.3,6944.7
202107301627,6943.7,6945.2,6941.8,6944.3,6944.7,6946.2,6942.8,6945.3
202107301628,6944.3,6945.4,6942.1,6942.2,6945.3,6946.4,6943.1,6943.2
202107301629,6942.1,6943.4,6938.3,6938.9,6943.1,6944.4,6939.3,6939.9
202107301630,6938.9,6940.1,6933.5,6934.8,6939.9,6941.1,6934.5,6935.8
202107301631,6934.8,6936.6,6933.6,6934.3,6935.8,6937.6,6934.6,6935.3
202107301632,6934.3,6937.6,6933.4,6937.1,6935.3,6938.6,6934.4,6938.1
202107301633,6937.1,6939,6936.2,6937.7,6938.1,6940,6937.2,6938.7
202107301634,6937.7,6939.2,6934.4,6934.7,6938.7,6940.2,6935.4,6935.7
202107301635,6934.7,6936.1,6930,6931.1,6935.7,6937.1,6931,6932.1
202107301636,6931.1,6934.3,6930.4,6931.3,6932.1,6935.3,6931.4,6932.3
202107301637,6931.3,6932.3,6930.1,6931.2,6932.3,6933.3,6931.1,6932.2
202107301638,6931.2,6936.4,6931.2,6936.4,6932.2,6937.4,6932.2,6937.4
202107301639,6936.4,6941.4,6936.4,6939.2,6937.4,6942.4,6937.4,6940.2
202107301640,6939.2,6940.8,6934.5,6935.2,6940.2,6941.8,6935.5,6936.2
202107301641,6935.1,6935.1,6932.1,6933.9,6936.1,6936.1,6933.1,6934.9
202107301642,6933.9,6935.1,6932,6934.7,6934.9,6936.1,6933,6935.7
202107301643,6934.7,6934.7,6928.8,6929.8,6935.7,6935.7,6929.8,6930.8
202107301644,6929.8,6931.4,6928.6,6929,6930.8,6932.4,6929.6,6930
202107301645,6929,6929.2,6924.5,6925.6,6930,6930.2,6925.5,6926.6
202107301646,6925.6,6930.9,6925.4,6930.6,6926.6,6931.9,6926.4,6931.6
202107301647,6930.6,6933.3,6929.8,6933.2,6931.6,6934.3,6930.8,6934.2
202107301648,6933.2,6935.7,6933.2,6933.7,6934.2,6936.7,6934.2,6934.7
202107301649,6933.7,6934.6,6931.6,6931.6,6934.7,6935.6,6932.6,6932.6
202107301650,6931.6,6932.8,6930.4,6931.1,6932.6,6933.8,6931.4,6932.1
202107301651,6931.1,6934.8,6931,6934.7,6932.1,6935.8,6932,6935.7
202107301652,6934.7,6934.7,6931.1,6931.6,6935.7,6935.7,6932.1,6932.6
202107301653,6931.6,6936.6,6930.2,6936.5,6932.6,6937.6,6931.2,6937.5
202107301654,6936.5,6939.2,6936,6938.6,6937.5,6940.2,6937,6939.6
202107301655,6938.6,6939.5,6937.9,6938.5,6939.6,6940.5,6938.9,6939.5
202107301656,6938.5,6942.1,6938.5,6941.8,6939.5,6943.1,6939.5,6942.8
202107301657,6941.8,6941.9,6939.5,6941.5,6942.8,6942.9,6940.5,6942.5
202107301658,6941.5,6943.1,6941.4,6942.3,6942.5,6944.1,6942.4,6943.3
202107301659,6942.4,6943.6,6941.8,6942.8,6943.4,6944.6,6942.8,6943.8
202107301700,6942.8,6944.6,6941.7,6944.6,6943.8,6945.6,6942.7,6945.6
202107301701,6944.6,6945.4,6943.1,6944.4,6945.6,6946.4,6944.1,6945.4
202107301702,6944.4,6944.4,6942.7,6943.3,6945.4,6945.4,6943.7,6944.3
202107301703,6943.3,6944.2,6942,6943.2,6944.3,6945.2,6943,6944.2
202107301704,6943.2,6945.7,6942.6,6943.3,6944.2,6946.7,6943.6,6944.3
202107301705,6943.2,6948,6942.3,6947.4,6944.2,6949,6943.3,6948.4
202107301706,6947.4,6949.8,6946.2,6949.7,6948.4,6950.8,6947.2,6950.7
202107301707,6949.7,6950.4,6947,6947.2,6950.7,6951.4,6948,6948.2
202107301708,6947,6949.5,6946.7,6948.9,6948,6950.5,6947.7,6949.9
202107301709,6948.9,6951.8,6948.5,6950.7,6949.9,6952.8,6949.5,6951.7
202107301710,6950.7,6951.7,6949.3,6950.9,6951.7,6952.7,6950.3,6951.9
202107301711,6950.9,6953.3,6950.4,6952.7,6951.9,6954.3,6951.4,6953.7
202107301712,6952.7,6957.5,6952.5,6957.3,6953.7,6958.5,6953.5,6958.3
202107301713,6957.3,6962.1,6957.3,6961.1,6958.3,6963.1,6958.3,6962.1
202107301714,6961.1,6965,6959.2,6965,6962.1,6966,6960.2,6966
202107301715,6964.9,6966,6962.9,6965,6965.9,6967,6963.9,6966
202107301716,6965,6968.5,6965,6968.5,6966,6969.5,6966,6969.5
202107301717,6968.5,6969.9,6966.7,6969.4,6969.5,6970.9,6967.7,6970.4
202107301718,6969.4,6970.3,6967.7,6968.7,6970.4,6971.3,6968.7,6969.7
202107301719,6968.7,6969.1,6965.6,6968.3,6969.7,6970.1,6966.6,6969.3
202107301720,6968.3,6970.3,6967.9,6969.5,6969.3,6971.3,6968.9,6970.5
202107301721,6969.5,6970.9,6968.6,6970.4,6970.5,6971.9,6969.6,6971.4
202107301722,6970.4,6972.5,6970.4,6971.6,6971.4,6973.5,6971.4,6972.6
202107301723,6971.6,6972.8,6971.1,6971.2,6972.6,6973.8,6972.1,6972.2
202107301724,6971.1,6971.4,6968.7,6969.1,6972.1,6972.4,6969.7,6970.1
202107301725,6969.1,6970.1,6964.2,6964.7,6970.1,6971.1,6965.2,6965.7
202107301726,6964.7,6966.8,6962.6,6962.7,6965.7,6967.8,6963.6,6963.7
202107301727,6962.7,6963.8,6961.5,6962,6963.7,6964.8,6962.5,6963
202107301728,6962,6964.7,6961.7,6964.3,6963,6965.7,6962.7,6965.3
202107301729,6964.3,6964.4,6962.5,6964.1,6965.3,6965.4,6963.5,6965.1
202107301730,6964.4,6965.1,6962.1,6962.3,6965.4,6966.1,6963.1,6963.3
202107301731,6962.3,6964.5,6962.3,6964.2,6963.3,6965.5,6963.3,6965.2
202107301732,6964.2,6964.4,6961.4,6961.4,6965.2,6965.4,6962.4,6962.4
202107301733,6961.4,6962,6960.5,6960.6,6962.4,6963,6961.5,6961.6
202107301734,6960.6,6962.1,6960.6,6961,6961.6,6963.1,6961.6,6962
202107301735,6961,6964.4,6960,6963.4,6962,6965.4,6961,6964.4
202107301736,6963.4,6963.6,6962.5,6963.2,6964.4,6964.6,6963.5,6964.2
202107301737,6963.2,6967.2,6963.1,6965.4,6964.2,6968.2,6964.1,6966.4
202107301738,6965.4,6969.3,6965.4,6968.3,6966.4,6970.3,6966.4,6969.3
202107301739,6968.3,6969.5,6966.2,6966.3,6969.3,6970.5,6967.2,6967.3
202107301740,6966.3,6966.8,6963.3,6964.7,6967.3,6967.8,6964.3,6965.7
202107301741,6964.7,6965,6961.2,6962.1,6965.7,6966,6962.2,6963.1
202107301742,6962.2,6964.2,6961.6,6961.7,6963.2,6965.2,6962.6,6962.7
202107301743,6961.7,6964,6961.3,6963.6,6962.7,6965,6962.3,6964.6
202107301744,6963.4,6964.8,6962.5,6962.8,6964.4,6965.8,6963.5,6963.8
202107301745,6962.8,6964.4,6962.1,6964.4,6963.8,6965.4,6963.1,6965.4
202107301746,6964.4,6965.6,6964.3,6965.5,6965.4,6966.6,6965.3,6966.5
202107301747,6965.5,6965.8,6961.4,6961.9,6966.5,6966.8,6962.4,6962.9
202107301748,6961.9,6962.4,6959.1,6960.7,6962.9,6963.4,6960.1,6961.7
202107301749,6960.7,6962.3,6960.6,6962.1,6961.7,6963.3,6961.6,6963.1
202107301750,6962.1,6963.4,6959.8,6959.8,6963.1,6964.4,6960.8,6960.8
202107301751,6959.7,6959.7,6955.9,6955.9,6960.7,6960.7,6956.9,6956.9
202107301752,6955.9,6957.5,6955.8,6957.1,6956.9,6958.5,6956.8,6958.1
202107301753,6957.1,6957.2,6954.3,6956,6958.1,6958.2,6955.3,6957
202107301754,6956,6956.1,6952.1,6952.1,6957,6957.1,6953.1,6953.1
202107301755,6952.1,6953.7,6951.2,6952.8,6953.1,6954.7,6952.2,6953.8
202107301756,6952.8,6953.2,6951.1,6951.3,6953.8,6954.2,6952.1,6952.3
202107301757,6951.3,6951.8,6949.1,6949.1,6952.3,6952.8,6950.1,6950.1
202107301758,6949.1,6950.7,6949,6950.3,6950.1,6951.7,6950,6951.3
202107301759,6950.3,6951.6,6949.6,6950.1,6951.3,6952.6,6950.6,6951.1
202107301800,6950.1,6952.8,6950.1,6950.5,6951.1,6954.1,6951.1,6951.5
202107301801,6950.5,6952.8,6949.8,6951.7,6951.5,6953.8,6950.8,6952.7
202107301802,6951.7,6953.8,6951,6953.3,6952.7,6954.8,6952,6954.3
202107301803,6953.3,6953.3,6947.2,6947.2,6954.3,6954.3,6948.2,6948.2
202107301804,6947.2,6949.3,6946.4,6949.3,6948.2,6950.3,6947.4,6950.3
202107301805,6949.3,6950,6946,6949.8,6950.3,6951,6947,6950.8
202107301806,6949.8,6949.9,6948.1,6948.1,6950.8,6950.9,6949.1,6949.1
202107301807,6948.4,6949.3,6947.1,6947.3,6949.4,6950.3,6948.1,6948.3
202107301808,6947.3,6950.3,6947.1,6948.8,6948.3,6951.3,6948.1,6949.8
202107301809,6948.8,6951.8,6948.8,6951.8,6949.8,6952.8,6949.8,6952.8
202107301810,6951.8,6953.4,6951.8,6952.3,6952.8,6954.5,6952.8,6953.3
202107301811,6952.3,6952.4,6950.1,6952,6953.3,6953.4,6951.1,6953
202107301812,6952,6954.4,6951.7,6953.4,6953,6955.4,6952.7,6954.4
202107301813,6953.4,6955.1,6953.1,6955,6954.4,6956.1,6954.1,6956
202107301814,6955,6955.8,6954.2,6955.7,6956,6956.8,6955.2,6956.7
202107301815,6955.7,6957.9,6954.6,6955,6956.7,6958.9,6955.6,6956
202107301816,6955.1,6956,6953.1,6954.1,6956.1,6957,6954.1,6955.1
202107301817,6954.1,6954.1,6950.4,6950.5,6955.1,6955.1,6951.4,6951.5
202107301818,6950.5,6950.9,6946.1,6946.8,6951.5,6951.9,6947.1,6947.8
202107301819,6946.8,6947.8,6945.5,6947.4,6947.8,6948.8,6946.5,6948.4
202107301820,6947.5,6949.8,6946.7,6949.1,6948.5,6950.8,6947.7,6950.1
202107301821,6949.1,6949.9,6947.6,6948.1,6950.1,6950.9,6948.6,6949.1
202107301822,6947.7,6948,6944.8,6946,6948.7,6949,6945.8,6947
202107301823,6946,6949,6945.9,6948.8,6947,6950,6946.9,6949.8
202107301824,6948.8,6949,6947.4,6948.2,6949.8,6950,6948.4,6949.2
202107301825,6948.1,6949.5,6946,6946.6,6949.1,6950.5,6947,6947.6
202107301826,6946.6,6949.2,6946.6,6948.2,6947.6,6950.2,6947.6,6949.2
202107301827,6948.2,6952,6948.2,6950.3,6949.2,6953,6949.2,6951.3
202107301828,6950.3,6950.3,6945.2,6945.8,6951.3,6951.3,6946.2,6946.8
202107301829,6945.8,6948.9,6945,6948,6946.8,6949.9,6946,6949
202107301830,6948,6952.4,6947.2,6952.4,6949,6953.4,6948.2,6953.4
202107301831,6952.4,6952.8,6949.1,6949.4,6953.4,6953.8,6950.1,6950.4
202107301832,6949.4,6949.4,6947.1,6948.2,6950.4,6950.4,6948.1,6949.2
202107301833,6948.2,6949.6,6947.9,6947.9,6949.2,6950.6,6948.9,6948.9
202107301834,6947.9,6950.1,6947.9,6949,6948.9,6951.1,6948.9,6950
202107301835,6949,6949.3,6945,6945.6,6950,6950.3,6946,6946.6
202107301836,6945.6,6946.3,6942,6943.2,6946.6,6947.3,6943,6944.2
202107301837,6943.2,6943.9,6941.9,6941.9,6944.2,6944.9,6942.9,6942.9
202107301838,6942,6944.4,6941.6,6944.4,6943,6945.4,6942.6,6945.4
202107301839,6944.4,6944.4,6943,6943.3,6945.4,6945.4,6944,6944.3
202107301840,6943.3,6944.2,6942.6,6942.6,6944.3,6945.2,6943.6,6943.6
202107301841,6942.6,6944.3,6942.6,6943.5,6943.6,6945.3,6943.6,6944.5
202107301842,6943.5,6943.6,6940.6,6942.3,6944.5,6944.6,6941.6,6943.3
202107301843,6942.1,6943.9,6942.1,6943.6,6943.1,6944.9,6943.1,6944.6
202107301844,6943.6,6943.7,6941.2,6941.7,6944.6,6944.7,6942.2,6942.7
202107301845,6941.7,6942.9,6941.1,6941.7,6942.7,6943.9,6942.1,6942.7
202107301846,6941.7,6943.7,6941.4,6943.1,6942.7,6944.7,6942.4,6944.1
202107301847,6943.1,6944.5,6942.2,6942.2,6944.1,6945.5,6943.2,6943.2
202107301848,6942.2,6942.2,6939.2,6940.3,6943.2,6943.2,6940.2,6941.3
202107301849,6940.3,6941.3,6939.4,6941.2,6941.3,6942.3,6940.4,6942.2
202107301850,6941.2,6941.2,6938.6,6940.1,6942.2,6942.2,6939.6,6941.1
202107301851,6940.1,6940.4,6938.6,6939.9,6941.1,6941.4,6939.6,6940.9
202107301852,6939.9,6940.2,6938.4,6938.9,6940.9,6941.2,6939.4,6939.9
202107301853,6938.9,6940.9,6938.5,6940.9,6939.9,6941.9,6939.5,6941.9
202107301854,6940.9,6941.9,6938.7,6941.9,6941.9,6942.9,6939.7,6942.9
202107301855,6941.9,6942.6,6939,6939,6942.9,6943.6,6940,6940
202107301856,6939,6939.8,6937.4,6939.7,6940,6940.8,6938.4,6940.7
202107301857,6939.7,6940.1,6938.6,6939.2,6940.7,6941.1,6939.6,6940.2
202107301858,6939.2,6939.3,6937.4,6938.2,6940.2,6940.3,6938.4,6939.2
202107301859,6938.2,6938.4,6936.8,6937.7,6939.2,6939.4,6937.8,6938.7
202107301900,6937.7,6941.9,6937.1,6939.6,6938.7,6942.9,6938.1,6940.6
202107301901,6939.6,6939.9,6936.8,6937.1,6940.6,6940.9,6937.8,6938.1
202107301902,6937.1,6937.1,6935,6936.3,6938.1,6938.1,6936,6937.3
202107301903,6936.3,6938.3,6935.2,6936.8,6937.3,6939.3,6936.2,6937.8
202107301904,6936.8,6937.6,6933.5,6935,6937.8,6938.6,6934.5,6936
202107301905,6934.9,6934.9,6932.5,6933.3,6935.9,6935.9,6933.5,6934.3
202107301906,6933.3,6933.3,6931.2,6931.2,6934.3,6934.3,6932.2,6932.2
202107301907,6931.2,6935.4,6931,6935.2,6932.2,6936.4,6932,6936.2
202107301908,6935.2,6937.9,6934.2,6937.8,6936.2,6938.9,6935.2,6938.8
202107301909,6937.8,6939.5,6934.7,6934.7,6938.8,6940.5,6935.7,6935.7
202107301910,6934.7,6936.3,6932.9,6932.9,6935.7,6937.3,6933.9,6933.9
202107301911,6932.6,6933.3,6929,6929.8,6933.6,6934.3,6930,6930.8
202107301912,6929.8,6929.8,6926.8,6926.8,6930.8,6930.8,6927.8,6927.8
202107301913,6926.8,6926.9,6924.7,6924.8,6927.8,6927.9,6925.7,6925.8
202107301914,6924.8,6926.8,6922.6,6926.7,6925.8,6927.8,6923.6,6927.7
202107301915,6926.7,6929.7,6926.1,6929.7,6927.7,6930.7,6927.1,6930.7
202107301916,6929.7,6934.7,6929,6934.7,6930.7,6935.7,6930,6935.7
202107301917,6934.7,6939.6,6934.7,6938.3,6935.7,6940.6,6935.7,6939.3
202107301918,6938.3,6938.6,6937.1,6938.3,6939.3,6939.6,6938.1,6939.3
202107301919,6938.3,6942.8,6938.3,6942.6,6939.3,6943.8,6939.3,6943.6
202107301920,6942.6,6948.8,6942.2,6948.8,6943.6,6949.8,6943.2,6949.8
202107301921,6948.6,6949.1,6943.4,6943.5,6949.6,6950.1,6944.4,6944.5
202107301922,6943.6,6944.2,6941.2,6941.8,6944.6,6945.2,6942.2,6942.8
202107301923,6941.8,6942.1,6939.7,6940.7,6942.8,6943.1,6940.7,6941.7
202107301924,6940.7,6942.3,6940.4,6940.7,6941.7,6943.3,6941.4,6941.7
202107301925,6940.7,6943.8,6940.7,6941.6,6941.7,6944.8,6941.7,6942.6
202107301926,6941.6,6943.7,6941.6,6943.4,6942.6,6944.7,6942.6,6944.4
202107301927,6943.4,6944.4,6943.2,6943.9,6944.4,6945.4,6944.2,6944.9
202107301928,6943.9,6944.7,6943.8,6944.6,6944.9,6945.7,6944.8,6945.6
202107301929,6944.6,6944.6,6941.1,6941.1,6945.6,6945.6,6942.1,6942.1
202107301930,6941.1,6943.2,6940.8,6942.2,6942.1,6944.2,6941.8,6943.2
202107301931,6942.2,6942.2,6939.8,6939.8,6943.2,6943.2,6940.8,6940.8
202107301932,6939.8,6940.8,6938.3,6938.4,6940.8,6941.8,6939.3,6939.4
202107301933,6938.4,6941.8,6938.4,6941.1,6939.4,6942.8,6939.4,6942.1
202107301934,6941.1,6943.3,6941.1,6943.1,6942.1,6944.3,6942.1,6944.1
202107301935,6943.1,6945.6,6943.1,6944.2,6944.1,6946.6,6944.1,6945.2
202107301936,6944.2,6944.2,6941.3,6941.9,6945.2,6945.2,6942.3,6942.9
202107301937,6941.9,6942.4,6940.1,6940.8,6942.9,6943.4,6941.1,6941.8
202107301938,6940.8,6945.6,6940.8,6944.6,6941.8,6946.6,6941.8,6945.6
202107301939,6944.6,6946.9,6943.6,6945.8,6945.6,6947.9,6944.6,6946.8
202107301940,6945.8,6945.9,6944.3,6945.6,6946.8,6946.9,6945.3,6946.6
202107301941,6945.6,6946.8,6944.6,6945.1,6946.6,6947.8,6945.6,6946.1
202107301942,6945.1,6946.1,6942.3,6942.3,6946.1,6947.1,6943.3,6943.3
202107301943,6942.3,6942.8,6941.3,6942.4,6943.3,6943.8,6942.3,6943.4
202107301944,6942.3,6942.3,6941.2,6941.9,6943.3,6943.3,6942.2,6942.9
202107301945,6941.9,6941.9,6939.9,6941.1,6942.9,6942.9,6940.9,6942.1
202107301946,6941.1,6941.3,6939.4,6940.7,6942.1,6942.3,6940.4,6941.7
202107301947,6940.7,6941,6939.6,6939.6,6941.7,6942,6940.6,6940.6
202107301948,6939.6,6941.8,6939.6,6941.8,6940.6,6942.8,6940.6,6942.8
202107301949,6941.8,6943.8,6941.5,6943.3,6942.8,6944.8,6942.5,6944.3
202107301950,6943.3,6944.4,6942.6,6943.6,6944.3,6945.4,6943.6,6944.6
202107301951,6943.8,6945.5,6943.7,6945,6944.8,6946.5,6944.7,6946
202107301952,6945,6946.5,6945,6946.5,6946,6947.5,6946,6947.5
202107301953,6946.5,6947.4,6945.6,6947.4,6947.5,6948.4,6946.6,6948.4
202107301954,6947.4,6947.9,6946.5,6947.8,6948.4,6948.9,6947.5,6948.8
202107301955,6947.8,6950.5,6947.6,6949.9,6948.8,6951.5,6948.6,6950.9
202107301956,6949.9,6950.1,6948.9,6949.6,6950.9,6951.1,6949.9,6950.6
202107301957,6949.6,6951.6,6949.5,6951,6950.6,6952.6,6950.5,6952
202107301958,6951.1,6951.2,6949,6951,6952.1,6952.2,6950,6952
202107301959,6951.1,6953,6950.8,6953,6952.1,6954,6951.8,6954
202107302000,6953,6953.5,6948,6948.2,6954,6954.5,6949,6949.2
202107302001,6948.4,6948.9,6946.5,6947.5,6949.4,6949.9,6947.5,6948.5
202107302002,6947.5,6948.9,6944.8,6945.3,6948.5,6949.9,6945.8,6946.3
202107302003,6945.3,6947.2,6944.7,6945,6946.3,6948.2,6945.7,6946
202107302004,6945,6947.2,6944.6,6946.8,6946,6948.2,6945.6,6947.8
202107302005,6946.8,6947.3,6942.7,6942.8,6947.8,6948.3,6943.7,6943.8
202107302006,6942.8,6944.3,6942.8,6944.3,6943.8,6945.3,6943.8,6945.3
202107302007,6944.3,6944.7,6942.7,6943.1,6945.3,6945.7,6943.7,6944.1
202107302008,6943,6944.8,6942.8,6943.7,6944,6945.8,6943.8,6944.7
202107302009,6943.7,6944.6,6941.1,6941.1,6944.7,6945.6,6942.1,6942.1
202107302010,6941.1,6943.4,6941.1,6941.5,6942.1,6944.4,6942.1,6942.5
202107302011,6941.5,6943.9,6941,6943.3,6942.5,6944.9,6942,6944.3
202107302012,6943.3,6943.9,6942.2,6943.4,6944.3,6944.9,6943.2,6944.4
202107302013,6943.4,6943.8,6942.3,6942.9,6944.4,6944.8,6943.3,6943.9
202107302014,6942.9,6947.4,6942.9,6946.7,6943.9,6948.4,6943.9,6947.7
202107302015,6946.7,6947.9,6945.5,6946.8,6947.7,6948.9,6946.5,6947.8
202107302016,6946.8,6947.2,6945.2,6946.7,6947.8,6948.2,6946.2,6947.7
202107302017,6946.7,6947.3,6946.2,6946.4,6947.7,6948.3,6947.2,6947.4
202107302018,6946.4,6948.1,6946.4,6948,6947.4,6949.1,6947.4,6949
202107302019,6947.6,6947.6,6945.4,6946.4,6948.6,6948.6,6946.4,6947.4
202107302020,6946.4,6946.4,6943.5,6943.6,6947.4,6947.4,6944.5,6944.6
202107302021,6943.6,6943.7,6941.7,6942,6944.6,6944.7,6942.7,6943
202107302022,6942.1,6944,6942,6943.7,6943.1,6945,6943,6944.7
202107302023,6943.7,6944,6941.5,6941.8,6944.7,6945,6942.5,6942.8
202107302024,6941.8,6943.4,6941.6,6943.1,6942.8,6944.4,6942.6,6944.1
202107302025,6943.1,6945.4,6943.1,6943.1,6944.1,6946.4,6944.1,6944.1
202107302026,6943.2,6943.7,6942.6,6942.8,6944.2,6944.7,6943.6,6943.8
202107302027,6942.8,6942.8,6939.7,6940.2,6943.8,6943.8,6940.7,6941.2
202107302028,6940.2,6942,6938.7,6942,6941.2,6943,6939.7,6943
202107302029,6942.1,6944.5,6941.4,6941.4,6943.1,6945.5,6942.4,6942.4
202107302030,6941.4,6942.5,6940.8,6942.5,6942.4,6943.5,6941.8,6943.5
202107302031,6942.5,6943.4,6940.1,6940.4,6943.5,6944.4,6941.1,6941.4
202107302032,6940.4,6940.4,6937.6,6938.9,6941.4,6941.4,6938.6,6939.9
202107302033,6938.9,6939.9,6938.2,6939.1,6939.9,6940.9,6939.2,6940.1
202107302034,6939.1,6941,6938.7,6941,6940.1,6942,6939.7,6942
202107302035,6941,6941.9,6940.3,6941.9,6942,6942.9,6941.3,6942.9
202107302036,6941.9,6943.2,6941.6,6942.8,6942.9,6944.2,6942.6,6943.8
202107302037,6942.8,6943.9,6942.1,6943.6,6943.8,6944.9,6943.1,6944.6
202107302038,6943.6,6944.6,6941.2,6941.6,6944.6,6945.6,6942.2,6942.6
202107302039,6941.6,6942.1,6940.6,6941.3,6942.6,6943.1,6941.6,6942.3
202107302040,6941.3,6942.8,6941.1,6942.8,6942.3,6943.8,6942.1,6943.8
202107302041,6942.8,6942.8,6938.8,6939.3,6943.8,6943.8,6939.8,6940.3
202107302042,6939.3,6941.4,6938.4,6941.3,6940.3,6942.4,6939.4,6942.3
202107302043,6941.3,6943.4,6940.6,6943.1,6942.3,6944.4,6941.6,6944.1
202107302044,6943.3,6943.7,6942.6,6943.3,6944.3,6944.7,6943.6,6944.3
202107302045,6943.3,6943.9,6941.7,6943.6,6944.3,6944.9,6942.7,6944.6
202107302046,6943.6,6944.3,6942.5,6942.6,6944.6,6945.3,6943.5,6943.6
202107302047,6942.6,6944.8,6942.1,6944,6943.6,6945.8,6943.1,6945
202107302048,6943.9,6945.9,6942.2,6945.7,6944.9,6946.9,6943.2,6946.7
202107302049,6945.7,6946.8,6945.2,6946,6946.7,6947.8,6946.2,6947
202107302050,6946,6946.9,6945.7,6946.4,6947,6947.9,6946.7,6947.4
202107302051,6946.4,6946.7,6945,6946.1,6947.4,6947.7,6946,6947.1
202107302052,6946.1,6946.5,6945.4,6945.7,6947.1,6947.5,6946.4,6946.7
202107302053,6945.7,6947,6945.1,6946.8,6946.7,6948,6946.1,6947.8
202107302054,6946.8,6947.5,6946.5,6946.6,6947.8,6948.5,6947.5,6947.6
202107302055,6946.6,6946.6,6945.1,6945.7,6947.6,6947.6,6946.1,6946.7
202107302056,6945.8,6948,6945.7,6948,6946.8,6949,6946.7,6949
202107302057,6947.9,6947.9,6946.1,6947.1,6948.9,6948.9,6947.1,6948.1
202107302058,6947.1,6947.8,6946.5,6946.5,6948.1,6948.8,6947.5,6947.5
202107302059,6946.6,6946.8,6945.6,6946,6947.6,6947.8,6946.6,6947
202107302100,6946,6946.8,6945,6945.5,6947,6947.8,6946,6946.5
202107302101,6945.6,6945.8,6942.5,6942.5,6946.6,6946.8,6943.5,6943.5
202107302102,6942.1,6942.3,6939.1,6941.5,6943.1,6943.3,6940.1,6942.5
202107302103,6941.5,6942.4,6939.4,6941.1,6942.5,6943.4,6940.4,6942.1
202107302104,6941,6942,6940.7,6940.9,6942,6943,6941.7,6941.9
202107302105,6940.9,6942.1,6939.5,6941.6,6941.9,6943.1,6940.5,6942.6
202107302106,6941.6,6942.4,6940.6,6942.4,6942.6,6943.4,6941.6,6943.4
202107302107,6942.4,6942.6,6941.9,6942.2,6943.4,6943.6,6942.9,6943.2
202107302108,6942.2,6944.1,6942.2,6943.4,6943.2,6945.1,6943.2,6944.4
202107302109,6943.4,6945.9,6943.4,6945.8,6944.4,6946.9,6944.4,6946.8
202107302110,6945.8,6946.5,6945.3,6946.3,6946.8,6947.5,6946.3,6947.3
202107302111,6946.2,6946.8,6945.5,6946.6,6947.2,6947.8,6946.5,6947.6
202107302112,6946.6,6948.4,6946.5,6948.3,6947.6,6949.4,6947.5,6949.3
202107302113,6948.3,6948.4,6946.6,6948,6949.3,6949.4,6947.6,6949
202107302114,6948,6949,6947.6,6947.6,6949,6950,6948.6,6948.6
202107302115,6947.6,6947.8,6947,6947.6,6948.6,6948.8,6948,6948.6
202107302116,6947.5,6948.4,6946.7,6947.7,6948.5,6949.4,6947.7,6948.7
202107302117,6947.7,6948,6946.6,6946.6,6948.7,6949,6947.6,6947.6
202107302118,6946.6,6946.8,6946.5,6946.8,6947.6,6947.8,6947.5,6947.8
202107302119,6946.8,6948.1,6946.6,6947.6,6947.8,6949.1,6947.6,6948.6
202107302120,6947.6,6947.6,6946.5,6947.4,6948.6,6948.6,6947.5,6948.4
202107302121,6947.4,6948,6947,6947.2,6948.4,6949,6948,6948.2
202107302122,6947.2,6948.1,6946.4,6948.1,6948.2,6949.1,6947.4,6949.1
202107302123,6948.1,6949,6947.5,6948.4,6949.1,6950,6948.5,6949.4
202107302124,6948.4,6948.6,6947.8,6948.1,6949.4,6949.6,6948.8,6949.1
202107302125,6948.1,6948.5,6947.6,6948,6949.1,6949.5,6948.6,6949
202107302126,6948,6949.2,6947.8,6948.9,6949,6950.2,6948.8,6949.9
202107302127,6948.9,6948.9,6948.1,6948.2,6949.9,6949.9,6949.1,6949.2
202107302128,6948.3,6948.6,6948.2,6948.5,6949.3,6949.6,6949.2,6949.5
202107302129,6948.5,6949.4,6948.3,6949.3,6949.5,6950.4,6949.3,6950.3
202107302130,6949.3,6950.8,6948.8,6950.8,6950.3,6951.8,6949.9,6951.8
202107302131,6950.8,6951.5,6950.3,6951.4,6951.8,6952.5,6951.3,6952.4
202107302132,6951.4,6953.5,6951,6953.5,6952.4,6954.5,6952,6954.5
202107302133,6953.5,6953.9,6952.8,6953.2,6954.5,6954.9,6953.8,6954.2
202107302134,6953.2,6954.4,6953.2,6954.1,6954.2,6955.4,6954.2,6955.1
202107302135,6954.1,6954.1,6952.5,6953.4,6955.1,6955.1,6953.5,6954.4
202107302136,6953.2,6954.4,6952.2,6954.4,6954.2,6955.4,6953.2,6955.4
202107302137,6954.4,6955.5,6954,6955.3,6955.4,6956.5,6955,6956.3
202107302138,6955.3,6956,6954.2,6954.9,6956.3,6957,6955.2,6955.9
202107302139,6954.9,6955.6,6954.5,6955.4,6955.9,6956.6,6955.5,6956.4
202107302140,6955.4,6956,6954.2,6954.6,6956.4,6957,6955.2,6955.6
202107302141,6954.6,6955.6,6954.3,6954.8,6955.6,6956.6,6955.3,6955.8
202107302142,6954.8,6956,6954.1,6956,6955.8,6957,6955.1,6957
202107302143,6956,6956.2,6955.1,6955.7,6957,6957.2,6956.1,6956.7
202107302144,6955.7,6956,6955,6955.4,6956.7,6957,6956,6956.4
202107302145,6955.4,6955.8,6954.4,6954.8,6956.4,6956.8,6955.4,6955.8
202107302146,6954.8,6955.3,6954.1,6954.6,6955.8,6956.3,6955.1,6955.6
202107302147,6954.6,6955.9,6953.7,6954.6,6955.6,6956.9,6954.7,6955.6
202107302148,6954.6,6954.9,6952.6,6952.6,6955.6,6955.9,6953.6,6953.6
202107302149,6952.6,6955.5,6952.6,6955.1,6953.6,6956.5,6953.6,6956.1
202107302150,6955.1,6955.1,6952.6,6952.6,6956.1,6956.1,6953.6,6953.6
202107302151,6952.6,6953.1,6951.7,6951.9,6953.6,6954.1,6952.7,6952.9
202107302152,6951.9,6952.4,6951.1,6952.3,6952.9,6953.4,6952.1,6953.3
202107302153,6952.3,6952.3,6950,6951.9,6953.3,6953.3,6951,6952.9
202107302154,6951.9,6953,6951.8,6952.4,6952.9,6954,6952.8,6953.4
202107302155,6952.5,6954,6952.5,6953,6953.5,6955,6953.5,6954
202107302156,6953,6953,6952.1,6952.9,6954,6954,6953.1,6953.9
202107302157,6952.9,6954.9,6952.9,6954.6,6953.9,6955.9,6953.9,6955.6
202107302158,6954.6,6954.8,6953.7,6954.2,6955.6,6955.8,6954.7,6955.2
202107302159,6954.2,6954.9,6952.6,6952.8,6955.2,6955.9,6953.6,6953.8
202107302200,6952.8,6953.2,6951.3,6952,6953.8,6954.2,6952.3,6953
202107302201,6952,6952,6950.5,6951.4,6953,6953,6951.5,6952.4
202107302202,6951.4,6952.5,6951,6951.6,6952.4,6953.5,6952,6952.6
202107302203,6951.6,6952.1,6950.1,6950.2,6952.6,6953.1,6951.1,6951.2
202107302204,6950.1,6950.2,6948.5,6948.8,6951.1,6951.2,6949.5,6949.8
202107302205,6948.8,6949.4,6947,6947.8,6949.8,6950.4,6948,6948.8
202107302206,6947.8,6948.7,6947.5,6947.7,6948.8,6949.7,6948.5,6948.7
202107302207,6947.8,6948.5,6946.1,6946.2,6948.8,6949.5,6947.1,6947.2
202107302208,6946.3,6949.5,6946.3,6949.4,6947.3,6950.5,6947.3,6950.4
202107302209,6949.4,6949.9,6948.8,6948.8,6950.4,6950.9,6949.8,6949.8
202107302210,6948.8,6950.9,6948.7,6950.8,6949.8,6951.9,6949.7,6951.8
202107302211,6950.8,6952.4,6950,6951.4,6951.8,6953.4,6951,6952.4
202107302212,6951.4,6952.6,6951.3,6952.6,6952.4,6953.6,6952.3,6953.6
202107302213,6952.6,6953.9,6952.6,6953.1,6953.6,6954.9,6953.6,6954.1
202107302214,6953,6953.9,6952.9,6953.2,6954,6954.9,6953.9,6954.2
202107302215,6953.2,6954.4,6953.2,6954.4,6954.2,6955.4,6954.2,6955.4
202107302216,6954.4,6955.5,6954.4,6955.4,6955.4,6956.5,6955.4,6956.4
202107302217,6955.4,6957.3,6955.4,6957.2,6956.4,6958.3,6956.4,6958.2
202107302218,6957.2,6957.9,6956.9,6957.2,6958.2,6958.9,6957.9,6958.2
202107302219,6957.2,6958.6,6957,6958.5,6958.2,6959.6,6958,6959.5
202107302220,6958.5,6958.8,6956.1,6956.4,6959.5,6959.8,6957.1,6957.4
202107302221,6956.4,6957.9,6956.4,6957.8,6957.4,6958.9,6957.4,6958.8
202107302222,6957.8,6960.9,6957.8,6960.9,6958.8,6961.9,6958.8,6961.9
202107302223,6960.9,6960.9,6958.1,6959.2,6961.9,6961.9,6959.1,6960.2
202107302224,6959.1,6959.1,6956.4,6957.1,6960.1,6960.1,6957.4,6958.1
202107302225,6957.1,6959.8,6956.5,6959.5,6958.1,6960.8,6957.5,6960.5
202107302226,6959.5,6959.7,6958.1,6958.6,6960.5,6960.7,6959.1,6959.6
202107302227,6958.6,6959.8,6958.5,6959.7,6959.6,6960.8,6959.5,6960.7
202107302228,6959.4,6960.1,6958.6,6959.5,6960.4,6961.1,6959.6,6960.5
202107302229,6959.5,6960.3,6958.6,6959.2,6960.5,6961.3,6959.6,6960.2
202107302230,6959.2,6964.4,6959.2,6959.2,6960.2,6965.4,6960.2,6960.2
202107302231,6959.3,6964.9,6959.3,6962.6,6960.3,6965.9,6960.3,6963.6
202107302232,6962.6,6967.4,6962.1,6967.4,6963.6,6968.4,6963.1,6968.4
202107302233,6967.4,6970.9,6965.3,6969.5,6968.4,6971.9,6966.3,6970.5
202107302234,6969.6,6970.8,6964.9,6967.5,6970.6,6971.8,6965.9,6968.5
202107302235,6967.5,6968.5,6964.9,6967.7,6968.5,6969.5,6965.9,6968.7
202107302236,6967.7,6967.8,6965.3,6966.1,6968.7,6968.8,6966.3,6967.1
202107302237,6966.8,6967.1,6964.7,6965.5,6967.8,6968.1,6965.7,6966.5
202107302238,6965.5,6967.4,6964.9,6967.4,6966.5,6968.4,6965.9,6968.4
202107302239,6967.4,6971.9,6967.4,6971.9,6968.4,6972.9,6968.4,6972.9
202107302240,6971.9,6971.9,6969,6970.6,6972.9,6972.9,6970,6971.6
202107302241,6970.6,6971.5,6969.4,6971.2,6971.6,6972.5,6970.4,6972.2
202107302242,6971.2,6972,6969.9,6971.6,6972.2,6973,6970.9,6972.6
202107302243,6971.6,6972.2,6971.2,6971.2,6972.6,6973.2,6972.2,6972.2
202107302244,6971.2,6972.4,6970.5,6972.2,6972.2,6973.4,6971.5,6973.2
202107302245,6972.2,6974.5,6971,6972.7,6973.2,6975.5,6972,6973.7
202107302246,6972.7,6976.5,6972.7,6976.3,6973.7,6977.5,6973.7,6977.3
202107302247,6976.3,6977.8,6974.8,6976.2,6977.3,6978.8,6975.8,6977.2
202107302248,6976.2,6980.1,6976.2,6978.5,6977.2,6981.1,6977.2,6979.5
202107302249,6978.6,6980.2,6978.5,6979.4,6979.6,6981.2,6979.5,6980.4
202107302250,6979.4,6980.9,6977.4,6977.7,6980.4,6981.9,6978.4,6978.7
202107302251,6977.7,6978.5,6976,6977.6,6978.7,6979.5,6977,6978.6
202107302252,6977.5,6978.1,6975.3,6976.1,6978.5,6979.1,6976.3,6977.1
202107302253,6976.1,6976.8,6975,6976.2,6977.1,6977.8,6976,6977.2
202107302254,6976.2,6978,6975.6,6978,6977.2,6979,6976.6,6979
202107302255,6978,6982.1,6978,6981.5,6979,6983.1,6979,6982.5
202107302256,6981.5,6981.5,6978.8,6979.3,6982.5,6982.5,6979.8,6980.3
202107302257,6979.3,6981.7,6979.3,6980.9,6980.3,6982.7,6980.3,6981.9
202107302258,6980.8,6983,6979.6,6979.9,6981.8,6984,6980.6,6980.9
202107302259,6979.9,6980.1,6978.5,6978.9,6980.9,6981.1,6979.5,6979.9
202107302300,6978.9,6978.9,6976.1,6978.3,6979.9,6979.9,6977.1,6979.3
202107302301,6978.3,6980.3,6976.3,6979.1,6979.3,6981.3,6977.3,6980.1
202107302302,6979.1,6979.5,6976.9,6979.5,6980.1,6980.5,6977.9,6980.5
202107302303,6979.4,6979.4,6976.7,6978.6,6980.4,6980.4,6977.7,6979.6
202107302304,6978.6,6980.1,6977.5,6979.6,6979.6,6981.1,6978.5,6980.6
202107302305,6979.6,6980.1,6977.6,6979.7,6980.6,6981.1,6978.6,6980.7
202107302306,6979.7,6979.7,6977.4,6977.7,6980.7,6980.7,6978.4,6978.7
202107302307,6977.7,6977.7,6974.9,6975.3,6978.7,6978.7,6975.9,6976.3
202107302308,6975.3,6977.1,6974.4,6976.6,6976.3,6978.1,6975.4,6977.6
202107302309,6976.6,6977,6973.5,6973.8,6977.6,6978,6974.5,6974.8
202107302310,6973.8,6974.4,6970.6,6970.6,6974.8,6975.4,6971.6,6971.6
202107302311,6970.6,6973,6970.5,6972.9,6971.6,6974,6971.5,6973.9
202107302312,6972.9,6973.7,6970.6,6973.5,6973.9,6974.7,6971.6,6974.5
202107302313,6973.5,6976,6973.3,6974.8,6974.5,6977,6974.3,6975.8
202107302314,6974.6,6976.2,6974.3,6976.2,6975.6,6977.2,6975.3,6977.2
202107302315,6976.2,6976.9,6975.5,6975.8,6977.2,6977.9,6976.5,6976.8
202107302316,6975.8,6977,6974.6,6975.3,6976.8,6978,6975.6,6976.3
202107302317,6975.3,6977.1,6974.6,6975,6976.3,6978.1,6975.6,6976
202107302318,6975,6975,6970.9,6971.5,6976,6976,6971.9,6972.5
202107302319,6971.5,6971.5,6969.8,6970.6,6972.5,6972.5,6970.8,6971.6
202107302320,6970.6,6975.9,6970,6975.9,6971.6,6976.9,6971,6976.9
202107302321,6975.9,6976.5,6973.5,6973.5,6976.9,6977.5,6974.5,6974.5
202107302322,6973.5,6973.6,6970.5,6971.1,6974.5,6974.6,6971.5,6972.1
202107302323,6971.1,6973.5,6970.9,6973,6972.1,6974.5,6971.9,6974
202107302324,6973,6974.1,6972.7,6973.8,6974,6975.1,6973.7,6974.8
202107302325,6973.8,6974,6971,6971.6,6974.8,6975,6972,6972.6
202107302326,6971.8,6974.7,6970.1,6974.1,6972.8,6975.7,6971.1,6975.1
202107302327,6974.1,6974.1,6969.9,6971.4,6975.1,6975.1,6970.9,6972.4
202107302328,6971.4,6972.3,6970.4,6972,6972.4,6973.3,6971.4,6973
202107302329,6971.5,6972.2,6969.1,6969.3,6972.5,6973.2,6970.1,6970.3
202107302330,6969.3,6969.4,6967.3,6968.4,6970.3,6970.4,6968.3,6969.4
202107302331,6968.4,6970.9,6968.2,6969.4,6969.4,6971.9,6969.2,6970.4
202107302332,6969.4,6969.4,6966.9,6967,6970.4,6970.4,6967.9,6968
202107302333,6967,6969,6966.8,6967,6968,6970,6967.8,6968
202107302334,6967,6967,6964.4,6964.8,6968,6968,6965.4,6965.8
202107302335,6964.8,6966,6963.8,6965.4,6965.8,6967,6964.8,6966.4
202107302336,6965.4,6967.5,6964.5,6965.6,6966.4,6968.5,6965.5,6966.6
202107302337,6965.6,6967.6,6964.5,6967,6966.6,6968.6,6965.5,6968
202107302338,6967,6967.5,6965.5,6966,6968,6968.5,6966.5,6967
202107302339,6966,6967.1,6964.2,6967.1,6967,6968.1,6965.2,6968.1
202107302340,6966.9,6968.5,6965.6,6968.2,6967.9,6969.5,6966.6,6969.2
202107302341,6968.2,6970.7,6968.2,6969.6,6969.2,6971.7,6969.2,6970.6
202107302342,6969.6,6969.9,6966.6,6966.6,6970.6,6970.9,6967.6,6967.6
202107302343,6966.6,6968,6964.8,6964.8,6967.6,6969,6965.8,6965.8
202107302344,6964.6,6967.5,6964.5,6967.4,6965.6,6968.5,6965.5,6968.4
202107302345,6967.4,6968.4,6965.5,6966.5,6968.4,6969.4,6966.5,6967.5
202107302346,6966.5,6967.5,6965.7,6967.2,6967.5,6968.5,6966.7,6968.2
202107302347,6967.2,6969.3,6966.2,6969.2,6968.2,6970.3,6967.2,6970.2
202107302348,6969.2,6969.3,6966,6966.7,6970.2,6970.3,6967,6967.7
202107302349,6966.7,6966.7,6965.4,6966,6967.7,6967.7,6966.4,6967
202107302350,6966,6966.5,6964.5,6964.5,6967,6967.5,6965.5,6965.5
202107302351,6964.5,6964.9,6962.8,6962.8,6965.5,6965.9,6963.8,6963.8
202107302352,6962.8,6964.5,6962.7,6962.7,6963.8,6965.5,6963.7,6963.7
202107302353,6962.7,6963,6960.2,6961.9,6963.7,6964,6961.2,6962.9
202107302354,6961.9,6964.4,6961.9,6962.2,6962.9,6965.4,6962.9,6963.2
202107302355,6962.2,6964.6,6961.4,6963.9,6963.2,6965.6,6962.4,6964.9
202107302356,6963.9,6963.9,6960.6,6961,6964.9,6964.9,6961.6,6962
202107302357,6961,6963.5,6961,6962.4,6962,6964.5,6962,6963.4
202107302358,6962.4,6965.5,6961.9,6965.1,6963.4,6966.5,6962.9,6966.1
202107302359,6965.1,6965.3,6960.9,6960.9,6966.1,6966.3,6961.9,6961.9
202107310000,6960.9,6961.6,6957.5,6958.2,6961.9,6962.6,6958.5,6959.2
202107310001,6958.2,6959.4,6955.9,6956.3,6959.2,6960.4,6956.9,6957.3
202107310002,6956.3,6956.4,6954.4,6955.4,6957.3,6957.4,6955.4,6956.4
202107310003,6955.4,6955.9,6953.4,6953.6,6956.4,6956.9,6954.4,6954.6
202107310004,6953.6,6956.7,6953.5,6956.7,6954.6,6957.7,6954.5,6957.7
202107310005,6956.7,6957.1,6953.6,6955.1,6957.7,6958.1,6954.6,6956.1
202107310006,6955.1,6959.4,6955.1,6959.4,6956.1,6960.4,6956.1,6960.4
202107310007,6959.4,6963,6959.4,6962.6,6960.4,6964,6960.4,6963.6
202107310008,6962.7,6963.2,6961,6961.1,6963.7,6964.2,6962,6962.1
202107310009,6961.1,6964.4,6960.5,6964,6962.1,6965.4,6961.5,6965
202107310010,6964,6964.4,6963.6,6964.2,6965,6965.4,6964.6,6965.2
202107310011,6964.2,6964.5,6963,6963.5,6965.2,6965.5,6964,6964.5
202107310012,6963.5,6966,6963.5,6965.9,6964.5,6967,6964.5,6966.9
202107310013,6965.9,6968.5,6965.6,6968.3,6966.9,6969.5,6966.6,6969.3
202107310014,6968.3,6968.7,6966.7,6966.9,6969.3,6969.7,6967.7,6967.9
202107310015,6966.9,6967.6,6965.9,6967.6,6967.9,6968.6,6966.9,6968.6
202107310016,6967.6,6969.1,6967.5,6968.2,6968.6,6970.1,6968.5,6969.2
202107310017,6968.2,6969.1,6968,6968.8,6969.2,6970.1,6969,6969.8
202107310018,6968.8,6970,6968.4,6969.4,6969.8,6971,6969.4,6970.4
202107310019,6969.4,6970.5,6968.4,6970,6970.4,6971.5,6969.4,6971
202107310020,6970,6971.4,6969.4,6969.9,6971,6972.4,6970.4,6970.9
202107310021,6969.9,6971.1,6968.7,6969.5,6970.9,6972.1,6969.7,6970.5
202107310022,6969.5,6970.9,6968.4,6968.5,6970.5,6971.9,6969.4,6969.5
202107310023,6968.5,6968.8,6967.4,6967.9,6969.5,6969.8,6968.4,6968.9
202107310024,6967.9,6969.9,6966.2,6969.8,6968.9,6970.9,6967.2,6970.8
202107310025,6969.8,6970.7,6967.6,6967.6,6970.8,6971.7,6968.6,6968.6
202107310026,6967.5,6967.6,6964.5,6965.1,6968.5,6968.6,6965.5,6966.1
202107310027,6965.1,6966.1,6964.5,6964.7,6966.1,6967.1,6965.5,6965.7
202107310028,6964.7,6967.7,6964.3,6967.3,6965.7,6968.7,6965.3,6968.3
202107310029,6967.3,6971.4,6962.3,6962.3,6968.3,6972.4,6963.3,6963.3
202107310030,6961.9,6969.8,6961.6,6967.9,6962.9,6970.8,6962.6,6968.9
202107310031,6967.9,6971.2,6967.8,6970.7,6968.9,6972.2,6968.8,6971.7
202107310032,6970.7,6972.8,6967.7,6968.2,6971.7,6973.8,6968.7,6969.2
202107310033,6968.3,6968.3,6961.2,6962.1,6969.3,6969.3,6962.2,6963.1
202107310034,6962.1,6962.1,6956.8,6961.2,6963.1,6963.1,6957.8,6962.2
202107310035,6961.2,6967,6961.2,6965.9,6962.2,6968,6962.2,6966.9
202107310036,6965.9,6965.9,6962.7,6964.1,6966.9,6966.9,6963.7,6965.1
202107310037,6964.1,6964.1,6957.7,6958.8,6965.1,6965.1,6958.7,6959.8
202107310038,6958.8,6959.5,6957.6,6957.9,6959.8,6960.5,6958.6,6958.9
202107310039,6957.9,6959.1,6957.6,6958,6958.9,6960.1,6958.6,6959
202107310040,6958,6958,6955.6,6955.7,6959,6959,6956.6,6956.7
202107310041,6955.7,6956.9,6955.6,6955.7,6956.7,6957.9,6956.6,6956.7
202107310042,6955.8,6957.5,6955.5,6956.5,6956.8,6958.5,6956.5,6957.5
202107310043,6956.5,6956.5,6955,6955.6,6957.5,6957.5,6956,6956.6
202107310044,6955.6,6956.7,6954.9,6956.1,6956.6,6957.7,6955.9,6957.1
202107310045,6956.1,6956.5,6955.3,6956.2,6957.1,6957.5,6956.3,6957.2
202107310046,6956.2,6956.2,6954.7,6954.8,6957.2,6957.2,6955.7,6955.8
202107310047,6954.8,6954.8,6952.4,6952.5,6955.8,6955.8,6953.4,6953.5
202107310048,6952.4,6954,6952,6953.5,6953.4,6955,6953,6954.5
202107310049,6953.5,6953.5,6951.9,6952.3,6954.5,6954.5,6952.9,6953.3
202107310050,6952.3,6955,6952.1,6955,6953.3,6956,6953.1,6956
202107310051,6955,6957,6955,6956.5,6956,6958,6956,6957.5
202107310052,6956.5,6956.9,6955.2,6955.2,6957.5,6957.9,6956.2,6956.2
202107310053,6955.2,6957,6955,6956.8,6956.2,6958,6956,6957.8
202107310054,6956.8,6957.4,6955.8,6956,6957.8,6958.4,6956.8,6957
202107310055,6956,6956.8,6955.2,6956.8,6957,6957.8,6956.2,6957.8
202107310056,6956.8,6956.9,6956.1,6956.6,6957.8,6957.9,6957.1,6957.6
202107310057,6956.6,6956.7,6955.7,6955.8,6957.6,6957.7,6956.7,6956.8
202107310058,6955.8,6955.9,6954.7,6955.8,6956.8,6956.9,6955.7,6956.8
202107310059,6955.8,6957.9,6955.7,6957.8,6956.8,6958.9,6956.7,6958.8
202107310100,6957.8,6958.3,6956.5,6958.3,6958.8,6959.3,6957.5,6959.3
202107310101,6958.3,6958.5,6957.5,6958.5,6959.3,6959.5,6958.5,6959.5
202107310102,6958.5,6958.8,6957.4,6957.4,6959.5,6959.8,6958.4,6958.4
202107310103,6957.4,6958.3,6956.9,6957.9,6958.4,6959.3,6957.9,6958.9
202107310104,6957.9,6958.9,6957.9,6958.1,6958.9,6959.9,6958.9,6959.1
202107310105,6958.1,6958.1,6957.2,6957.7,6959.1,6959.1,6958.2,6958.7
202107310106,6957.7,6958.3,6957.5,6958.1,6958.7,6959.3,6958.5,6959.1
202107310107,6958.1,6958.7,6958,6958.7,6959.1,6959.7,6959,6959.7
202107310108,6958.7,6960.3,6958.6,6960.2,6959.7,6961.3,6959.6,6961.2
202107310109,6960.2,6960.4,6959.3,6959.4,6961.2,6961.4,6960.3,6960.4
202107310110,6959.4,6960.4,6959.4,6960.4,6960.4,6961.4,6960.4,6961.4
202107310111,6960.3,6960.9,6959.6,6959.6,6961.3,6961.9,6960.6,6960.6
202107310112,6959.6,6960.4,6959.5,6959.6,6960.6,6961.4,6960.5,6960.6
202107310113,6959.6,6960.4,6958.5,6960.4,6960.6,6961.4,6959.5,6961.4
202107310114,6960.4,6961.8,6960.4,6961.6,6961.4,6962.8,6961.4,6962.6
202107310115,6961.6,6961.6,6960.5,6961,6962.6,6962.6,6961.5,6962
202107310116,6961,6961.1,6960.1,6960.9,6962,6962.1,6961.1,6961.9
202107310117,6960.9,6962.5,6960.9,6961.9,6961.9,6963.5,6961.9,6962.9
202107310118,6961.8,6963,6960.8,6963,6962.8,6964,6961.8,6964
202107310119,6963,6963.5,6962.6,6962.7,6964,6964.5,6963.6,6963.7
202107310120,6962.7,6962.9,6961.6,6961.8,6963.7,6963.9,6962.6,6962.8
202107310121,6961.8,6961.9,6961.5,6961.6,6962.8,6962.9,6962.5,6962.6
202107310122,6961.6,6961.6,6960.5,6960.9,6962.6,6962.6,6961.5,6961.9
202107310123,6960.9,6961,6959.7,6960.3,6961.9,6962,6960.7,6961.3
202107310124,6960.3,6960.9,6960,6960.4,6961.3,6961.9,6961,6961.4
202107310125,6960.4,6960.9,6959.8,6960.9,6961.4,6961.9,6960.8,6961.9
202107310126,6960.9,6961.6,6960.8,6961.1,6961.9,6962.6,6961.8,6962.1
202107310127,6961.1,6962.5,6961.1,6962.5,6962.1,6963.5,6962.1,6963.5
202107310128,6962.5,6962.9,6962.4,6962.8,6963.5,6963.9,6963.4,6963.8
202107310129,6962.8,6963,6962.3,6962.9,6963.8,6964,6963.3,6963.9
202107310130,6962.9,6963.8,6962.9,6963.5,6963.9,6964.8,6963.9,6964.5
202107310131,6963.5,6964.4,6963.5,6963.9,6964.5,6965.4,6964.5,6964.9
202107310132,6963.9,6964.8,6963.9,6964.6,6964.9,6965.8,6964.9,6965.6
202107310133,6964.6,6964.7,6963.9,6963.9,6965.6,6965.7,6964.9,6964.9
202107310134,6963.9,6965.4,6963.6,6965,6964.9,6966.4,6964.6,6966
202107310135,6965,6966,6965,6965.8,6966,6967,6966,6966.8
202107310136,6965.5,6965.8,6965,6965.1,6966.5,6966.8,6966,6966.1
202107310137,6965.1,6966.3,6965.1,6965.7,6966.1,6967.3,6966.1,6966.7
202107310138,6965.7,6965.7,6965,6965.1,6966.7,6966.7,6966,6966.1
202107310139,6965.1,6965.2,6964.4,6964.4,6966.1,6966.2,6965.4,6965.4
202107310140,6964.4,6966,6964.4,6966,6965.4,6967,6965.4,6967
202107310141,6966,6966.9,6965.7,6966.8,6967,6967.9,6966.7,6967.8
202107310142,6966.8,6967,6965.9,6966,6967.8,6968,6966.9,6967
202107310143,6965.9,6966,6965.5,6966,6966.9,6967,6966.5,6967
202107310144,6966,6966.4,6965.6,6965.6,6967,6967.4,6966.6,6966.6
202107310145,6965.6,6966.5,6965.6,6966.4,6966.6,6967.5,6966.6,6967.4
202107310146,6966.4,6967,6966.3,6966.9,6967.4,6968,6967.3,6967.9
202107310147,6966.9,6967.4,6966.5,6966.6,6967.9,6968.4,6967.5,6967.6
202107310148,6966.6,6967,6966.4,6966.6,6967.6,6968,6967.4,6967.6
202107310149,6966.6,6966.6,6966,6966,6967.6,6967.6,6967,6967
202107310150,6966,6966.3,6965.5,6965.6,6967,6967.3,6966.5,6966.6
202107310151,6965.6,6965.6,6964.1,6964.2,6966.6,6966.6,6965.1,6965.2
202107310152,6964.2,6964.5,6963.4,6964.3,6965.2,6965.5,6964.4,6965.3
202107310153,6964.3,6964.3,6962.5,6962.5,6965.3,6965.3,6963.5,6963.5
202107310154,6962.5,6962.5,6961.5,6961.5,6963.5,6963.5,6962.5,6962.5
202107310155,6961.5,6961.5,6960.8,6961.1,6962.5,6962.5,6961.8,6962.1
202107310156,6961.1,6961.4,6961,6961.4,6962.1,6962.4,6962,6962.4
202107310157,6961.4,6961.9,6961,6961,6962.4,6962.9,6962,6962
202107310158,6961,6961.3,6960.5,6960.5,6962,6962.3,6961.5,6961.5
202107310159,6960.5,6962,6960.5,6962,6961.5,6963,6961.5,6963
202107310200,6962,6962.9,6961.5,6961.5,6963,6963.9,6962.5,6962.5
202107310201,6961.5,6961.5,6959,6959.5,6962.5,6962.5,6960,6960.5
202107310202,6959.5,6959.5,6958.6,6958.6,6960.5,6960.5,6959.6,6959.6
202107310203,6958.6,6958.8,6957.1,6957.4,6959.6,6959.8,6958.1,6958.4
202107310204,6957.4,6958,6956.4,6958,6958.4,6959,6957.4,6959
202107310205,6958,6958.3,6957.2,6957.9,6959,6959.3,6958.2,6958.9
202107310206,6957.9,6958.5,6957.8,6958.3,6958.9,6959.5,6958.8,6959.3
202107310207,6958.6,6959.5,6958.4,6959.1,6959.6,6960.5,6959.4,6960.1
202107310208,6959.1,6960,6959.1,6959.3,6960.1,6961,6960.1,6960.3
202107310209,6959.3,6959.3,6958.6,6958.8,6960.3,6960.3,6959.6,6959.8
202107310210,6958.7,6959.5,6958.3,6958.9,6959.7,6960.5,6959.3,6959.9
202107310211,6958.9,6959,6957.9,6958,6959.9,6960,6958.9,6959
202107310212,6958,6960,6957.2,6960,6959,6961,6958.2,6961
202107310213,6960,6961,6958.7,6960.9,6961,6962,6959.7,6961.9
202107310214,6960.9,6962,6960.1,6960.6,6961.9,6963,6961.1,6961.6
202107310215,6960.6,6961.9,6960.4,6961.9,6961.6,6962.9,6961.4,6962.9
202107310216,6961.9,6962,6960.3,6960.8,6962.9,6963,6961.3,6961.8
202107310217,6960.8,6961.1,6960.1,6960.1,6961.8,6962.1,6961.1,6961.1
202107310218,6960.1,6960.4,6958.6,6958.8,6961.1,6961.4,6959.6,6959.8
202107310219,6958.8,6959.5,6958.6,6958.9,6959.8,6960.5,6959.6,6959.9
202107310220,6958.9,6959.5,6957.8,6957.8,6959.9,6960.5,6958.8,6958.8
202107310221,6957.8,6958,6957,6957.6,6958.8,6959,6958,6958.6
202107310222,6957.6,6957.9,6956.5,6956.6,6958.6,6958.9,6957.5,6957.6
202107310223,6956.6,6956.8,6955.8,6956.3,6957.6,6957.8,6956.8,6957.3
202107310224,6956.3,6957.4,6956.2,6956.9,6957.3,6958.4,6957.2,6957.9
202107310225,6956.9,6957.3,6956.1,6957,6957.9,6958.3,6957.1,6958
202107310226,6956.9,6957.1,6956.6,6956.8,6957.9,6958.1,6957.6,6957.8
202107310227,6956.8,6957.5,6956.7,6956.7,6957.8,6958.5,6957.7,6957.7
202107310228,6956.8,6957.9,6956.7,6957,6957.8,6958.9,6957.7,6958
202107310229,6957,6957.4,6957,6957.1,6958,6958.4,6958,6958.1
202107310230,6957.1,6958.6,6957.1,6958.4,6958.1,6959.6,6958.1,6959.4
202107310231,6958.4,6958.4,6957.5,6958.3,6959.4,6959.4,6958.5,6959.3
202107310232,6958.4,6958.4,6957.9,6957.9,6959.4,6959.4,6958.9,6958.9
202107310233,6958,6959.3,6958,6959.3,6959,6960.3,6959,6960.3
202107310234,6959.3,6960,6959.2,6959.9,6960.3,6961,6960.2,6960.9
202107310235,6959.9,6960.5,6959.5,6959.9,6960.9,6961.5,6960.5,6960.9
202107310236,6959.9,6961.5,6959.2,6960.5,6960.9,6962.5,6960.2,6961.5
202107310237,6960.5,6961.1,6960.5,6961,6961.5,6962.1,6961.5,6962
202107310238,6961,6961.9,6960.8,6961.4,6962,6962.9,6961.8,6962.4
202107310239,6961.4,6961.9,6961.4,6961.9,6962.4,6962.9,6962.4,6962.9
202107310240,6961.9,6962.4,6961.7,6962.4,6962.9,6963.4,6962.7,6963.4
202107310241,6962.4,6963.5,6962.3,6962.6,6963.4,6964.5,6963.3,6963.6
202107310242,6962.6,6962.6,6961.8,6962.3,6963.6,6963.6,6962.8,6963.3
202107310243,6962.3,6962.4,6961.7,6962.4,6963.3,6963.4,6962.7,6963.4
202107310244,6962.4,6962.5,6961.8,6962,6963.4,6963.5,6962.8,6963
202107310245,6962,6962,6960.9,6961.3,6963,6963,6961.9,6962.3
202107310246,6961.3,6961.5,6960.9,6961.1,6962.3,6962.5,6961.9,6962.1
202107310247,6961.1,6961.2,6959.8,6960.4,6962.1,6962.2,6960.8,6961.4
202107310248,6960.4,6960.8,6959.7,6959.7,6961.4,6961.8,6960.7,6960.7
202107310249,6959.7,6960.9,6959.7,6960.4,6960.7,6961.9,6960.7,6961.4
202107310250,6960.5,6961.5,6960.1,6961.2,6961.5,6962.5,6961.1,6962.2
202107310251,6961.2,6961.5,6960.5,6960.8,6962.2,6962.5,6961.5,6961.8
202107310252,6960.8,6960.8,6959.2,6959.6,6961.8,6961.8,6960.2,6960.6
202107310253,6959.6,6959.6,6959,6959.1,6960.6,6960.6,6960,6960.1
202107310254,6959.1,6959.1,6958.6,6958.7,6960.1,6960.1,6959.6,6959.7
202107310255,6958.6,6959.5,6958.2,6959.1,6959.6,6960.5,6959.2,6960.1
202107310256,6959.1,6959.3,6958.4,6958.7,6960.1,6960.3,6959.4,6959.7
202107310257,6958.7,6959.4,6958.7,6958.7,6959.7,6960.4,6959.7,6959.7
202107310258,6958.7,6959.4,6958.6,6959.3,6959.7,6960.4,6959.6,6960.3
202107310259,6959.3,6960,6959,6960,6960.3,6961,6960,6961
202107310300,6960,6960.3,6959.1,6959.3,6961,6961.3,6960.1,6960.3
202107310301,6959.3,6959.4,6958.3,6958.4,6960.3,6960.4,6959.3,6959.4
202107310302,6958.5,6959,6958.1,6958.1,6959.5,6960,6959.1,6959.1
202107310303,6958.1,6958.1,6957,6957.3,6959.1,6959.1,6958,6958.3
202107310304,6957.3,6957.5,6956.4,6957.2,6958.3,6958.5,6957.4,6958.2
202107310305,6957.2,6958,6957.1,6957.3,6958.2,6959,6958.2,6958.3
202107310306,6957.3,6957.3,6956.5,6956.6,6958.3,6958.3,6957.5,6957.6
202107310307,6956.6,6957.4,6956.2,6957.3,6957.6,6958.4,6957.2,6958.3
202107310308,6957.3,6958,6957.3,6958,6958.3,6959,6958.3,6959
202107310309,6958,6958.1,6957.6,6958,6959,6959.1,6958.6,6959
202107310310,6958,6958,6957,6957.9,6959,6959.2,6958,6959.2
202107310311,6957.9,6959,6957.9,6959,6959.2,6960,6959.1,6960
202107310312,6959,6959,6958.5,6958.9,6960,6960,6959.5,6959.9
202107310313,6958.9,6959,6958.5,6958.7,6959.9,6960,6959.5,6959.7
202107310314,6958.7,6959,6958.5,6958.6,6959.7,6960,6959.5,6959.6
202107310315,6958.6,6959,6958,6958,6959.6,6960,6959,6959
202107310316,6958,6958.3,6957.1,6958,6959,6959.3,6958.1,6959
202107310317,6957.9,6958.5,6957.1,6957.5,6958.9,6959.5,6958.1,6958.5
202107310318,6957.5,6958.9,6957.5,6958.8,6958.5,6959.9,6958.5,6959.8
202107310319,6958.8,6959,6958.5,6958.6,6959.8,6960,6959.5,6959.6
202107310320,6958.6,6960,6958.5,6959.7,6959.6,6961,6959.5,6960.7
202107310321,6959.6,6959.6,6958.1,6958.3,6960.6,6960.6,6959.1,6959.3
202107310322,6958.3,6958.9,6957.5,6957.9,6959.3,6959.9,6958.5,6958.9
202107310323,6957.9,6957.9,6957,6957.1,6958.9,6958.9,6958,6958.1
202107310324,6957.1,6957.4,6955.6,6956.4,6958.1,6958.4,6956.6,6957.4
202107310325,6956.4,6956.4,6955.4,6955.9,6957.4,6957.4,6956.4,6956.9
202107310326,6955.9,6956,6955.1,6955.1,6956.9,6957,6956.1,6956.1
202107310327,6955.1,6955.1,6954.3,6954.3,6956.1,6956.1,6955.3,6955.3
202107310328,6954.3,6954.4,6953.6,6954,6955.3,6955.4,6954.6,6955
202107310329,6954,6954,6952.1,6953.1,6955,6955,6953.1,6954.1
202107310330,6953.1,6954.9,6952.7,6954.9,6954.1,6955.9,6953.7,6955.9
202107310331,6954.9,6955.5,6954.3,6954.4,6955.9,6956.5,6955.3,6955.4
202107310332,6954.4,6954.5,6953.6,6954.5,6955.4,6955.5,6954.6,6955.5
202107310333,6954.4,6954.4,6953.5,6953.7,6955.4,6955.4,6954.5,6954.7
202107310334,6953.7,6953.7,6952.1,6952.2,6954.7,6954.7,6953.1,6953.2
202107310335,6952.2,6952.5,6951.9,6952.5,6953.2,6953.5,6952.9,6953.5
202107310336,6952.5,6952.5,6951,6951.8,6953.5,6953.5,6952,6952.8
202107310337,6951.8,6951.8,6949.6,6950.3,6952.8,6952.8,6950.6,6951.3
202107310338,6950.1,6951,6949.9,6950.2,6951.1,6952,6950.9,6951.2
202107310339,6950.2,6950.2,6949.1,6949.3,6951.2,6951.2,6950.2,6950.3
202107310340,6949.3,6949.4,6947.7,6948.9,6950.3,6950.4,6948.7,6949.9
202107310341,6948.9,6950.2,6948.8,6950,6949.9,6951.2,6949.8,6951
202107310342,6950,6951.3,6949.9,6951,6951,6952.3,6950.9,6952
202107310343,6951,6951.9,6950.5,6951.1,6952,6952.9,6951.5,6952.1
202107310344,6951.1,6951.3,6950.6,6950.6,6952.1,6952.3,6951.6,6951.6
202107310345,6950.6,6952.5,6950.6,6952.5,6951.6,6953.5,6951.6,6953.5
202107310346,6952.5,6953.4,6952.1,6953.1,6953.5,6954.4,6953.1,6954.1
202107310347,6953.1,6954,6952.9,6953.5,6954.1,6955,6953.9,6954.5
202107310348,6953.5,6954,6952.9,6953.8,6954.5,6955,6953.9,6954.8
202107310349,6953.8,6954,6953,6953,6954.8,6955,6954,6954
202107310350,6952.9,6954.3,6952.5,6954.3,6953.9,6955.3,6953.5,6955.3
202107310351,6954.5,6955.4,6953.9,6954.9,6955.5,6956.4,6954.9,6955.9
202107310352,6954.9,6955.4,6954.6,6954.9,6955.9,6956.4,6955.6,6955.9
202107310353,6954.9,6955.9,6954.4,6955.8,6955.9,6956.9,6955.4,6956.8
202107310354,6955.8,6956.8,6955.2,6956.3,6956.8,6957.8,6956.2,6957.3
202107310355,6956.3,6957.5,6956.2,6957.4,6957.3,6958.5,6957.2,6958.4
202107310356,6957.4,6958.4,6957.3,6957.9,6958.4,6959.4,6958.3,6958.9
202107310357,6957.9,6957.9,6955.8,6955.9,6958.9,6958.9,6956.8,6956.9
202107310358,6955.9,6956.7,6955.4,6956.7,6956.9,6957.7,6956.4,6957.7
202107310359,6956.7,6957.5,6956.7,6957,6957.7,6958.7,6957.7,6958
202107310400,6957,6957.9,6956.9,6957.7,6958,6958.9,6957.9,6958.7
202107310401,6957.7,6958.3,6957.5,6958.3,6958.7,6959.3,6958.5,6959.3
202107310402,6958.3,6959.8,6958.3,6959.8,6959.3,6960.8,6959.3,6960.8
202107310403,6959.8,6960.9,6959.6,6960.6,6960.8,6961.9,6960.6,6961.6
202107310404,6960.6,6961.3,6960.5,6961.1,6961.6,6962.3,6961.5,6962.1
202107310405,6961.1,6961.1,6960.1,6960.3,6962.1,6962.1,6961.1,6961.3
202107310406,6960.4,6960.4,6960,6960.3,6961.4,6961.4,6961,6961.3
202107310407,6960.3,6960.6,6960,6960,6961.3,6961.6,6961,6961
202107310408,6960,6961,6959.4,6960.6,6961,6962,6960.4,6961.6
202107310409,6960.5,6961.3,6960.5,6961.2,6961.5,6962.3,6961.5,6962.2
202107310410,6961.1,6962.4,6961.1,6961.5,6962.1,6963.4,6962.1,6962.5
202107310411,6961.5,6961.9,6960.5,6961.4,6962.5,6962.9,6961.7,6962.4
202107310412,6961.4,6961.9,6960.7,6961.5,6962.4,6962.9,6961.7,6962.5
202107310413,6961.5,6962.3,6961.3,6962,6962.5,6963.3,6962.3,6963
202107310414,6962,6962,6961.1,6961.9,6963,6963,6962.1,6962.9
202107310415,6961.8,6962.4,6961,6961,6962.8,6963.4,6962,6962
202107310416,6961,6962,6961,6961.6,6962,6963,6962,6962.6
202107310417,6961.5,6961.9,6961.3,6961.8,6962.5,6963,6962.3,6962.8
202107310418,6961.8,6962.6,6961.3,6962.4,6962.8,6963.6,6962.3,6963.4
202107310419,6962.4,6963,6961.4,6961.4,6963.4,6964,6962.4,6962.4
202107310420,6961.4,6962,6961.1,6961.1,6962.4,6963,6962.1,6962.1
202107310421,6961.2,6961.5,6960,6960.1,6962.2,6962.5,6961,6961.1
202107310422,6960.1,6960.5,6958.8,6959.3,6961.1,6961.5,6959.8,6960.3
202107310423,6959.3,6959.3,6958.1,6958.7,6960.3,6960.3,6959.1,6959.7
202107310424,6958.7,6958.7,6957.6,6957.9,6959.7,6959.7,6958.6,6958.9
202107310425,6957.9,6960,6957.8,6959.8,6958.9,6961,6958.8,6960.8
202107310426,6959.8,6961.1,6959.8,6960.5,6960.8,6962.1,6960.8,6961.5
202107310427,6960.5,6961,6960.5,6960.8,6961.5,6962,6961.5,6961.8
202107310428,6960.8,6961.4,6960,6960,6961.8,6962.4,6961,6961
202107310429,6960,6960,6959,6959.5,6961,6961,6960,6960.5
202107310430,6959.5,6960.6,6959.5,6960.4,6960.5,6961.6,6960.5,6961.4
202107310431,6960.4,6960.9,6959.3,6960.2,6961.4,6961.9,6960.3,6961.2
202107310432,6960.2,6961.1,6959.9,6960.1,6961.2,6962.1,6961.1,6961.1
202107310433,6960.1,6960.5,6959.6,6960.4,6961.1,6961.5,6960.6,6961.4
202107310434,6960.4,6960.4,6959.5,6959.6,6961.4,6961.4,6960.5,6960.6
202107310435,6959.6,6959.6,6958,6958.1,6960.6,6960.6,6959,6959.1
202107310436,6958.1,6958.4,6957.6,6957.6,6959.1,6959.4,6958.6,6958.6
202107310437,6957.6,6957.7,6956.5,6956.6,6958.6,6958.7,6957.5,6957.6
202107310438,6956.6,6957.1,6956.5,6956.7,6957.6,6958.1,6957.5,6957.7
202107310439,6956.7,6956.9,6956.1,6956.2,6957.7,6957.9,6957.1,6957.2
202107310440,6956.2,6958,6956.2,6958,6957.2,6959,6957.2,6959
202107310441,6958,6958.5,6956.8,6956.9,6959,6959.5,6957.8,6957.9
202107310442,6956.9,6956.9,6955.5,6956,6957.9,6957.9,6956.5,6957
202107310443,6956,6956.1,6955.1,6955.3,6957,6957.1,6956.1,6956.3
202107310444,6955.3,6956.6,6955,6955,6956.3,6957.6,6956,6956
202107310445,6955,6955,6954,6954.1,6956,6956,6955,6955.1
202107310446,6954.2,6955.1,6954.2,6954.5,6955.2,6956.1,6955.2,6955.5
202107310447,6954.4,6954.8,6954.1,6954.5,6955.4,6955.8,6955.2,6955.5
202107310448,6954.5,6955.3,6954.3,6954.6,6955.5,6956.3,6955.3,6955.6
202107310449,6954.6,6956.1,6954.2,6956,6955.6,6957.1,6955.2,6957
202107310450,6956,6957.1,6955.2,6956.9,6957,6958.1,6956.3,6957.9
202107310451,6956.9,6957.9,6956.3,6957.9,6957.9,6958.9,6957.3,6958.9
202107310452,6957.9,6961.8,6957.9,6960.2,6958.9,6962.8,6958.9,6961.3
202107310453,6960.2,6960.3,6958.4,6958.8,6961.3,6961.7,6959.4,6959.9
202107310454,6958.7,6958.7,6954.8,6954.8,6959.8,6959.8,6955.8,6955.8
202107310455,6954.8,6955.7,6953.9,6955,6955.8,6956.7,6954.9,6956
202107310456,6955,6956.3,6953.4,6955.5,6956,6957.3,6954.4,6956.5
202107310457,6955.5,6956.1,6953.5,6956,6956.5,6957.1,6954.5,6957
202107310458,6956.4,6960.8,6956.2,6959.1,6957.4,6961.8,6957.2,6960.1
202107310459,6959.1,6960.4,6956.8,6960.4,6960.1,6961.9,6957.8,6961.4
